ire	nze	can	ame	phi	jam	bre	sce	aus	ind
1	2	5	7	6	10	9	4	2	5	10
2	1	5	8	7	6	9	4	2	6	9
3	2	5	6	7	8	10	4	2	4	10
4	1	5	6	6	10	8	4	2	5	9
5	1	5	6	6	10	9	3	2	5	6
6	2	4	7	7	7	10	4	1	4	9
7	1	5	7	7	7	9	4	1	5	10
8	2	5	7	5	9	8	4	2	6	6
9	2	5	5	6	9	7	4	2	4	9
10	2	6	7	6	9	9	4	2	5	10
11	1	5	8	6	9	10	6	1	4	10
12	1	5	8	6	9	6	5	2	5	9
13	2	6	6	8	9	10	5	2	6	10
14	2	6	7	8	9	8	3	2	7	7
15	1	5	6	6	10	9	6	2	6	7
16	1	6	7	7	10	9	4	1	7	7
17	1	6	6	7	9	9	4	2	5	10
18	1	6	5	6	10	10	5	2	6	8
19	2	5	6	7	10	10	5	2	6	9
20	1	5	7	8	10	8	4	2	4	8
21	1	5	6	7	10	10	6	2	5	10
22	2	6	7	8	10	10	4	2	6	8
23	1	6	5	7	9	9	5	2	6	10
24	1	5	7	5	9	10	3	2	6	7
25	1	5	5	7	8	10	4	2	5	8
26	2	6	6	6	10	8	5	2	4	8
27	2	6	6	6	8	7	5	2	6	10
28	1	5	6	7	10	9	5	1	4	10
29	1	5	7	7	6	10	4	2	6	8
30	2	5	5	7	9	9	4	2	4	9
31	1	5	5	7	10	10	4	2	4	10
32	1	5	5	7	10	9	5	2	5	10
33	2	5	6	7	8	10	3	2	6	7
34	1	5	5	8	8	9	3	2	6	9
35	1	5	7	6	8	10	4	2	5	8
36	1	6	6	7	9	7	5	3	4	10
37	1	5	6	6	10	9	5	2	3	10
38	2	5	7	6	10	10	4	2	7	10
39	2	5	5	6	10	10	4	2	4	10
40	1	6	6	8	7	9	6	2	5	10
41	1	6	8	5	9	10	5	2	4	9
42	1	5	7	6	8	10	3	1	5	8
43	1	5	7	6	7	10	5	2	4	7
44	2	5	5	6	9	10	5	2	5	10
45	2	6	6	7	10	7	5	2	6	9
46	2	5	7	7	9	10	5	2	6	9
47	1	5	7	5	10	10	4	2	5	8
48	2	5	6	8	9	9	3	2	5	9
49	2	5	5	7	9	10	5	2	5	10
50	1	6	7	5	9	9	4	2	4	9
51	3	5	6	7	10	9	4	2	5	9
52	2	6	8	6	9	9	4	1	6	8
53	2	5	7	6	10	10	5	2	6	10
54	1	5	7	6	10	7	6	2	4	7
55	1	5	8	7	8	7	5	2	7	8
56	2	5	6	8	9	9	4	2	4	10
57	1	6	6	6	9	8	6	2	6	7
58	1	5	8	6	10	10	4	2	5	10
59	1	5	7	7	10	8	5	2	5	9
60	2	6	6	6	10	7	4	2	4	8
61	1	6	6	7	10	8	4	2	5	6
62	1	5	7	5	8	9	4	1	5	7
63	1	5	6	6	7	7	3	2	7	10
64	1	5	7	7	10	8	4	2	4	8
65	2	5	8	6	10	10	6	1	6	6
66	1	6	4	5	10	10	4	1	5	9
67	2	6	7	6	9	10	5	2	6	9
68	2	5	7	6	10	9	4	2	4	9
69	2	5	7	7	10	9	3	2	8	9
70	1	5	6	6	10	9	3	2	4	9
71	2	5	6	6	9	9	4	2	6	8
72	1	5	6	5	8	8	4	1	5	8
73	2	6	6	7	7	10	3	2	7	8
74	2	6	6	6	10	9	6	1	6	10
75	1	5	7	7	8	9	3	2	4	9
76	1	6	7	6	10	10	5	2	5	10
77	2	6	6	5	10	7	5	2	4	7
78	2	5	7	7	7	10	4	2	6	9
79	1	6	7	6	10	10	4	2	6	10
80	2	5	6	7	10	9	5	1	4	8
81	2	6	7	7	10	8	4	2	7	9
82	1	5	4	8	9	10	5	1	5	10
83	2	5	6	7	10	10	4	2	3	10
84	1	5	7	6	10	8	5	2	7	10
85	1	5	5	6	10	9	4	2	6	7
86	1	5	5	7	9	10	5	2	5	8
87	2	5	6	6	10	10	4	2	6	10
88	1	5	5	6	9	9	3	2	5	8
89	1	6	6	6	9	6	5	2	6	9
90	1	6	7	7	10	9	4	1	5	10
91	2	6	7	5	9	9	4	2	6	8
92	2	6	7	6	9	9	4	2	5	7
93	1	5	6	7	10	10	5	2	5	10
94	1	5	5	6	9	9	4	1	5	7
95	1	5	6	8	6	10	4	2	6	10
96	2	5	7	5	10	10	4	2	4	10
97	2	5	8	6	10	10	5	2	7	7
98	1	5	6	6	10	8	5	2	6	7
99	1	5	5	7	10	8	4	1	5	10
100	2	5	7	7	10	7	4	2	5	10
101	1	5	6	7	9	10	5	1	6	10
102	2	6	7	7	9	9	3	2	3	10
103	1	5	5	6	8	8	4	2	4	8
104	2	6	7	5	10	9	5	2	6	9
105	2	5	6	7	10	10	4	2	4	10
106	2	5	8	6	9	7	5	1	5	8
107	1	5	7	6	9	9	4	2	6	9
108	1	6	6	5	9	9	4	2	5	7
109	2	5	6	7	8	10	4	2	4	10
110	2	5	6	6	8	9	5	2	3	9
111	1	5	5	7	10	7	3	2	5	9
112	1	5	6	6	10	10	5	2	6	8
113	2	5	5	8	9	10	3	2	5	10
114	2	5	7	6	10	10	5	2	5	9
115	1	5	7	6	10	8	3	1	5	9
116	2	5	6	6	10	10	4	2	5	10
117	2	5	6	6	9	10	5	2	5	10
118	1	5	6	7	9	8	4	2	6	8
119	2	5	6	6	10	10	5	2	5	10
120	2	5	6	7	8	9	4	2	6	5
121	1	5	6	6	10	6	5	1	6	9
122	1	5	4	6	10	7	3	2	6	9
123	2	5	5	6	8	9	3	2	8	9
124	1	5	7	7	10	9	4	2	6	9
125	2	5	7	6	10	8	5	2	6	7
126	2	5	5	7	10	10	4	1	4	6
127	1	5	7	7	10	8	4	2	5	10
128	2	6	7	6	8	10	3	2	5	8
129	1	5	6	7	10	9	5	2	4	6
130	1	6	7	6	10	8	5	2	4	9
131	2	6	7	9	9	7	5	2	4	10
132	1	5	4	7	10	10	4	2	6	10
133	1	6	7	6	9	8	6	2	5	10
134	1	5	6	5	10	7	5	1	5	10
135	2	5	7	6	10	8	4	2	5	10
136	2	5	6	7	7	8	4	2	5	6
137	1	5	6	6	8	10	3	2	4	8
138	1	5	6	5	9	8	5	2	6	9
139	1	5	7	7	10	9	4	3	5	10
140	1	5	7	6	8	9	4	2	5	9
141	1	5	8	7	10	9	4	2	5	9
142	2	5	6	7	10	9	3	2	6	10
143	2	5	7	7	8	7	4	2	6	9
144	1	5	7	6	9	9	4	2	5	7
145	3	5	6	6	9	8	5	1	5	10
146	2	6	6	7	10	8	4	2	6	9
147	2	5	6	7	10	8	5	1	4	9
148	2	5	6	6	10	10	4	2	6	10
149	1	4	7	6	9	9	3	2	5	8
150	1	6	6	6	9	9	4	2	6	10
151	2	5	7	8	8	7	5	2	6	9
152	1	5	6	6	8	9	4	2	6	9
153	2	5	7	6	8	8	5	1	5	7
154	2	5	7	7	8	10	4	2	5	8
155	2	5	6	6	7	8	4	1	5	10
156	2	5	9	7	10	10	4	2	4	10
157	1	6	7	7	9	8	4	2	6	10
158	2	5	7	7	10	9	4	1	6	9
159	1	5	6	7	9	10	4	2	5	9
160	1	5	7	6	10	8	4	2	6	8
161	2	5	7	6	9	9	4	2	6	9
162	1	5	8	7	10	8	4	2	6	8
163	1	5	7	7	10	8	4	2	6	9
164	2	6	7	5	9	7	5	2	4	9
165	1	5	6	7	9	9	4	2	6	10
166	2	5	6	6	9	9	4	2	6	9
167	1	5	7	8	9	9	3	2	5	7
168	1	5	6	6	10	10	5	2	5	8
169	2	5	7	5	9	9	5	2	4	10
170	1	5	4	7	10	8	5	2	4	10
171	2	5	7	6	10	8	4	2	5	10
172	2	5	6	6	8	9	4	1	5	10
173	2	6	5	6	8	9	3	2	4	10
174	1	6	6	7	8	9	4	2	7	9
175	2	5	4	6	10	8	2	1	4	10
176	1	5	7	7	7	9	4	2	4	9
177	2	7	5	6	8	10	4	2	5	10
178	2	5	5	7	9	9	4	2	5	10
179	2	5	6	7	10	10	5	2	5	7
180	2	4	6	8	10	9	4	2	7	10
181	1	5	5	7	9	6	4	2	4	5
182	2	5	7	8	9	10	4	2	4	6
183	1	5	4	7	10	10	4	2	5	7
184	1	5	5	7	10	10	5	2	4	10
185	1	5	5	7	10	10	5	2	3	6
186	2	4	5	5	7	9	5	2	6	10
187	1	5	6	6	10	10	5	1	5	10
188	1	5	5	7	9	8	3	2	4	10
189	1	5	6	8	9	8	5	1	3	9
190	2	5	6	7	10	10	5	1	4	7
191	2	5	7	6	9	10	3	2	4	9
192	2	6	8	6	10	8	4	2	5	8
193	1	5	6	7	10	9	4	2	5	10
194	2	6	7	6	8	7	5	2	6	9
195	1	5	9	6	9	10	3	2	5	8
196	2	6	7	7	9	9	4	2	6	8
197	1	5	6	7	8	9	5	2	5	9
198	1	5	6	8	10	10	4	2	6	10
199	1	6	6	7	10	9	4	2	6	7
200	2	6	6	7	10	10	3	2	5	10
201	2	4	7	8	9	10	4	2	6	10
202	1	6	7	7	10	7	4	2	5	8
203	1	5	6	7	10	9	6	2	5	10
204	2	5	7	7	8	10	5	2	4	9
205	2	6	6	8	8	8	4	2	5	10
206	2	5	6	7	10	9	6	2	7	5
207	1	6	8	6	7	6	4	2	6	10
208	1	5	7	6	9	9	4	2	7	10
209	1	5	7	7	10	9	4	1	6	8
210	1	5	5	6	10	9	4	2	4	7
211	2	5	8	7	8	10	5	1	6	9
212	2	5	5	7	10	10	5	1	4	9
213	1	5	6	7	10	9	5	2	6	9
214	2	5	5	7	10	8	5	1	6	10
215	2	5	7	8	9	10	4	1	4	9
216	1	5	7	7	10	7	4	2	5	10
217	1	5	6	6	9	9	4	2	6	8
218	1	5	6	7	10	10	5	2	7	10
219	2	6	9	6	9	10	4	2	4	10
220	1	5	8	7	10	9	4	3	4	9
221	2	5	7	6	10	8	5	2	6	10
222	1	6	5	5	9	9	4	2	6	6
223	1	6	7	7	9	10	4	2	5	8
224	2	6	6	7	8	9	3	2	5	8
225	2	6	7	6	10	10	4	2	5	9
226	1	6	8	6	9	10	4	1	5	8
227	2	5	8	8	10	9	4	2	4	10
228	2	5	7	7	10	10	4	1	4	9
229	1	5	7	8	10	8	4	2	6	10
230	2	6	5	7	8	9	4	2	3	8
231	2	5	7	7	8	10	4	2	5	10
232	1	5	8	6	9	9	3	2	4	7
233	2	5	6	7	8	10	5	2	6	9
234	1	5	7	6	8	10	4	2	6	8
235	2	5	7	7	10	9	3	2	6	10
236	2	5	8	7	10	10	4	2	5	8
237	2	6	6	6	10	9	4	2	6	9
238	2	5	5	8	10	5	4	2	6	10
239	2	5	8	7	10	9	4	2	5	8
240	1	5	6	6	9	8	5	2	4	8
241	1	5	6	6	10	10	6	2	6	7
242	2	5	7	7	9	10	3	2	5	7
243	1	5	6	6	10	9	4	2	4	10
244	1	5	7	5	9	9	5	2	4	10
245	1	6	8	6	10	10	4	2	5	8
246	2	5	6	6	9	8	4	2	7	8
247	1	5	5	7	10	9	6	2	6	10
248	2	6	6	7	8	9	4	2	6	10
249	2	6	7	6	10	10	4	2	5	7
250	2	6	6	6	10	10	5	2	6	9
251	1	5	7	6	9	6	4	2	4	9
252	1	6	5	7	9	8	4	2	5	10
253	2	6	6	8	7	10	4	2	6	7
254	2	5	6	8	8	9	4	1	6	10
255	1	5	6	6	9	10	4	2	4	10
256	2	5	6	8	10	8	5	2	6	5
257	1	5	6	7	8	9	4	3	5	8
258	1	5	7	6	10	8	4	2	3	7
259	1	6	5	7	8	9	5	2	5	10
260	1	5	8	7	9	10	6	2	6	10
261	1	6	6	6	10	9	5	2	5	7
262	2	5	6	7	10	8	4	2	5	7
263	1	5	9	8	10	10	4	2	7	9
264	1	6	7	6	10	7	5	2	7	5
265	1	5	6	7	8	9	5	1	6	6
266	1	5	7	6	10	9	4	2	6	10
267	2	6	6	7	9	9	5	2	7	9
268	2	6	6	8	9	9	4	2	6	9
269	2	6	6	7	7	9	4	2	4	8
270	1	6	6	6	9	9	4	1	4	10
271	1	5	6	6	8	7	5	1	5	8
272	2	6	5	6	9	10	3	2	7	8
273	2	5	5	6	10	9	5	1	6	9
274	2	6	7	5	10	10	4	2	7	10
275	1	6	7	6	10	8	6	2	5	10
276	1	5	6	6	8	9	6	2	5	9
277	2	5	6	6	5	7	4	2	5	8
278	2	5	7	6	8	9	4	2	5	9
279	1	5	5	6	8	9	4	2	6	9
280	1	6	6	7	10	9	5	2	5	7
281	1	5	6	8	9	9	4	2	5	6
282	2	5	8	7	10	10	5	2	7	9
283	1	6	8	8	6	8	5	2	6	7
284	2	4	6	6	8	10	5	2	5	8
285	1	6	8	6	8	8	5	2	5	9
286	1	5	5	6	10	8	4	2	6	7
287	1	6	6	7	9	9	4	2	6	9
288	1	5	6	6	10	9	5	2	4	9
289	2	6	6	8	10	8	4	2	6	8
290	1	6	7	7	9	8	5	1	3	9
291	2	6	5	7	9	9	4	2	3	10
292	2	5	5	7	7	10	4	2	6	7
293	2	6	7	7	7	8	2	1	6	8
294	2	5	8	7	8	8	5	1	5	9
295	1	5	7	7	8	9	4	2	5	9
296	1	5	6	8	10	8	5	2	6	10
297	2	5	7	6	9	10	5	2	5	7
298	2	6	7	8	9	10	4	2	6	9
299	1	5	6	7	10	10	6	1	5	10
300	1	5	7	6	9	9	4	2	4	10
301	2	6	5	6	10	8	4	2	5	8
302	2	6	7	7	7	9	4	2	6	9
303	2	5	6	7	10	10	5	2	5	10
304	2	6	5	6	10	8	5	2	4	10
305	1	5	6	7	10	9	4	2	4	8
306	2	5	6	7	10	9	2	2	6	9
307	1	6	7	6	9	9	4	2	5	8
308	1	5	7	6	10	10	4	2	3	9
309	1	5	8	6	10	10	5	2	5	6
310	2	6	5	6	10	10	4	2	5	8
311	2	5	6	7	7	9	5	2	6	6
312	1	5	6	6	6	9	4	2	3	9
313	1	5	7	7	10	9	4	1	6	8
314	2	6	7	6	9	10	4	2	4	8
315	2	6	5	7	10	7	4	2	5	7
316	2	6	7	6	9	9	4	2	5	8
317	2	5	8	7	10	7	3	2	5	10
318	1	6	7	6	8	10	5	2	6	10
319	1	5	7	7	8	10	5	2	5	10
320	2	5	6	7	9	7	5	1	3	10
321	1	6	5	7	10	9	4	2	6	10
322	2	5	6	5	10	9	4	2	6	10
323	1	5	7	7	8	8	5	1	5	10
324	2	5	7	7	10	9	5	2	4	10
325	2	5	7	6	9	10	3	3	6	9
326	1	6	5	6	10	8	4	1	5	10
327	1	6	5	7	10	10	4	2	4	9
328	2	5	6	8	10	9	5	2	3	8
329	2	5	8	6	9	10	4	2	5	8
330	2	5	7	8	10	10	4	2	4	9
331	2	5	8	7	9	10	5	2	5	7
332	1	5	7	7	10	6	5	2	5	9
333	2	5	5	6	9	8	4	2	6	9
334	1	5	7	6	10	9	4	2	5	10
335	1	5	5	8	7	8	4	2	5	10
336	1	6	7	6	8	8	4	1	4	7
337	1	6	7	8	6	9	5	2	4	10
338	2	5	7	8	7	10	5	2	4	10
339	1	5	7	7	10	9	5	2	6	8
340	1	5	6	7	10	10	5	2	4	10
341	2	5	7	6	9	10	5	2	5	10
342	1	6	8	7	10	7	4	2	5	7
343	1	5	7	6	10	10	4	2	4	9
344	2	6	6	7	8	10	4	2	7	9
345	1	5	7	7	8	10	5	2	4	10
346	2	5	5	6	9	8	5	2	4	8
347	1	5	6	6	7	8	4	1	4	9
348	1	5	5	5	9	10	4	2	4	10
349	2	6	6	7	10	8	5	1	6	9
350	1	6	4	7	10	9	5	2	6	10
351	1	5	6	6	9	9	4	2	6	10
352	1	5	7	5	10	9	4	2	6	10
353	2	6	7	8	10	10	4	3	5	8
354	2	5	7	7	8	10	4	1	5	8
355	1	5	6	7	8	7	5	2	4	8
356	1	6	5	5	8	10	6	2	7	8
357	1	5	8	7	8	9	4	2	5	8
358	2	6	7	7	9	10	5	2	6	8
359	2	5	6	7	10	8	4	1	6	8
360	1	6	7	7	10	10	5	2	5	8
361	2	6	7	6	9	7	4	2	4	9
362	1	5	8	6	10	10	4	2	7	9
363	2	6	6	8	10	10	4	2	6	10
364	2	6	5	7	10	10	3	2	5	9
365	2	6	8	7	9	9	3	2	7	8
366	2	5	8	7	6	10	5	2	6	8
367	2	6	5	7	8	8	5	1	4	10
368	2	5	6	5	9	10	4	2	6	8
369	2	5	5	6	9	9	4	2	6	10
370	2	5	6	7	7	10	3	2	6	8
371	1	6	8	6	9	8	5	2	5	9
372	1	6	7	7	9	10	3	2	6	7
373	1	5	8	6	9	10	5	2	6	10
374	1	5	6	7	10	9	4	2	5	9
375	1	5	8	6	9	10	6	2	6	10
376	1	5	6	6	10	9	5	2	5	8
377	2	5	6	7	7	10	4	2	5	8
378	1	5	7	7	9	8	5	2	5	7
379	1	5	5	8	10	7	3	2	5	8
380	1	5	7	5	10	10	5	2	5	10
381	2	6	7	8	10	10	4	2	4	10
382	1	5	7	8	10	9	4	2	5	10
383	2	6	8	7	10	10	5	2	5	9
384	2	6	8	7	10	7	5	1	5	8
385	1	5	7	6	10	5	5	2	6	10
386	2	5	7	6	9	9	4	2	6	10
387	2	6	5	7	9	9	3	2	5	10
388	1	6	7	6	9	9	4	2	6	10
389	1	5	5	6	9	7	4	2	5	6
390	2	6	7	7	10	9	4	2	4	8
391	1	5	5	7	10	8	3	2	6	9
392	2	5	7	8	9	9	4	2	3	7
393	1	6	6	7	6	7	5	2	5	8
394	2	6	6	7	10	10	4	2	4	6
395	2	6	7	6	10	8	5	2	5	10
396	1	5	6	6	10	9	5	2	6	9
397	2	5	6	5	8	9	4	1	5	10
398	2	5	7	6	10	8	5	2	5	9
399	2	6	8	8	6	9	5	2	4	8
400	2	6	6	7	10	8	3	2	4	8
401	2	4	7	6	9	10	4	2	5	10
402	2	6	8	7	10	10	5	2	5	8
403	1	6	6	7	9	10	4	2	6	8
404	2	5	5	7	9	10	4	2	5	10
405	1	5	6	8	10	10	4	1	5	10
406	1	5	8	6	9	6	5	2	6	10
407	2	6	7	6	9	10	5	2	5	10
408	2	5	5	6	10	10	4	1	7	8
409	1	5	4	6	9	8	4	2	5	10
410	2	6	8	8	10	10	5	2	5	6
411	2	6	6	7	10	6	4	2	5	10
412	2	5	7	7	8	9	3	2	6	10
413	1	5	6	6	10	8	4	2	7	8
414	2	5	6	7	10	8	5	2	6	8
415	2	5	7	6	10	10	6	2	6	8
416	1	6	6	6	9	10	4	2	2	9
417	2	5	7	6	10	7	4	2	6	8
418	1	5	7	5	10	10	5	2	5	7
419	2	5	5	7	10	10	5	2	6	6
420	2	5	5	8	10	8	5	2	6	7
421	2	5	7	5	10	8	2	2	5	8
422	1	5	7	7	9	10	4	2	5	10
423	2	5	7	6	7	8	4	2	5	6
424	1	6	6	6	9	9	3	2	6	9
425	1	6	5	6	9	9	3	2	5	10
426	1	5	6	7	8	10	4	2	3	10
427	2	5	5	6	10	9	5	2	5	7
428	2	5	6	6	8	10	4	1	4	10
429	1	5	7	6	10	10	5	2	4	7
430	1	5	6	6	9	8	5	2	5	9
431	2	5	7	8	10	9	4	2	5	10
432	2	5	7	6	8	9	4	2	7	9
433	2	6	8	6	10	9	4	2	5	7
434	2	5	6	5	9	9	4	2	6	7
435	1	5	7	7	9	8	4	2	5	8
436	1	5	6	6	10	9	5	2	6	10
437	1	5	6	7	9	10	5	2	4	9
438	2	6	5	9	10	9	5	1	5	9
439	2	5	5	6	8	10	4	2	5	7
440	1	5	7	7	10	9	4	2	6	9
441	2	5	6	7	7	10	4	2	6	10
442	2	5	7	6	10	8	4	2	5	10
443	1	5	8	7	8	10	4	2	5	10
444	2	5	8	6	10	10	4	1	6	10
445	1	6	8	7	8	8	5	1	6	10
446	1	6	7	5	9	10	4	2	5	10
447	2	5	7	7	10	9	4	2	4	8
448	2	5	6	6	10	10	4	1	6	9
449	2	5	7	7	9	7	5	2	6	10
450	3	5	6	7	9	10	4	2	6	10
451	1	5	7	6	7	8	5	2	5	9
452	2	6	5	6	10	10	4	2	4	8
453	2	5	6	6	10	8	5	1	5	10
454	1	5	7	6	8	8	4	2	6	8
455	2	5	6	7	10	9	3	2	5	8
456	2	5	6	8	10	10	5	2	5	9
457	1	6	5	6	10	9	5	2	5	7
458	2	5	4	6	9	9	3	1	6	7
459	1	5	7	7	10	10	4	1	6	10
460	2	5	7	6	10	10	3	2	7	7
461	2	5	7	8	8	10	4	2	7	8
462	2	5	5	6	10	9	4	2	6	10
463	1	6	8	7	9	10	4	2	5	8
464	2	5	6	5	9	9	5	2	7	8
465	2	5	7	5	10	10	4	2	6	8
466	2	5	7	6	9	9	4	2	5	7
467	2	6	6	8	10	8	5	2	5	9
468	2	5	5	6	10	10	4	2	4	10
469	2	5	5	7	8	10	3	2	5	6
470	2	5	5	7	10	7	4	2	4	8
471	1	5	7	7	9	8	3	2	3	9
472	2	5	6	6	10	9	4	2	7	7
473	2	5	5	7	7	9	4	2	4	10
474	1	5	6	7	8	9	3	1	5	10
475	1	5	7	7	10	10	4	2	5	9
476	1	5	6	8	10	9	5	2	7	10
477	1	5	9	8	10	10	4	2	5	9
478	1	5	6	8	7	9	4	2	4	6
479	2	5	5	6	7	10	3	2	5	9
480	1	5	7	5	9	6	4	1	5	10
481	2	6	6	8	6	10	5	2	5	6
482	1	6	6	6	7	10	5	2	6	10
483	1	6	6	7	10	10	4	2	4	9
484	2	5	6	5	9	8	4	2	2	9
485	1	5	6	6	10	9	5	2	6	8
486	1	6	7	6	8	9	4	1	7	8
487	1	5	6	7	7	9	4	2	3	10
488	2	6	6	7	10	10	4	2	6	7
489	2	5	6	7	10	8	4	2	6	10
490	1	5	7	7	10	10	4	2	5	10
491	1	5	6	8	9	10	6	2	5	8
492	2	6	7	6	8	9	4	2	5	10
493	2	6	6	8	10	10	4	2	5	9
494	1	5	6	6	10	8	4	2	4	10
495	1	5	5	6	10	7	5	2	5	9
496	2	5	7	6	10	9	4	2	3	10
497	1	5	7	6	9	8	4	2	6	9
498	1	6	7	8	10	10	4	2	6	9
499	1	6	7	7	10	7	3	2	5	8
500	1	5	8	7	9	10	5	2	6	7
501	1	5	6	7	10	9	3	2	5	8
502	1	6	7	6	10	10	4	2	5	9
503	2	5	7	7	10	9	4	2	5	9
504	2	5	6	7	10	10	5	2	5	9
505	1	5	6	7	7	10	4	2	5	7
506	2	6	6	6	10	8	4	2	4	9
507	2	6	6	7	10	10	5	2	4	9
508	1	5	5	6	9	10	5	1	5	10
509	1	5	5	5	10	7	5	2	4	7
510	1	5	7	6	10	10	5	2	6	10
511	1	5	6	6	10	9	4	2	5	10
512	2	5	6	5	9	10	5	2	4	10
513	2	5	6	6	10	9	4	1	6	8
514	2	5	7	6	10	9	4	2	5	9
515	2	5	7	7	8	7	5	2	6	9
516	1	5	5	7	8	10	4	1	7	10
517	1	5	7	7	8	9	4	2	3	10
518	2	6	5	7	10	8	4	2	5	10
519	1	6	5	7	10	9	4	2	7	9
520	1	5	6	6	10	8	4	1	5	10
521	1	5	8	6	10	9	4	2	4	9
522	2	5	5	8	10	10	4	2	5	7
523	1	5	6	8	7	9	4	1	4	8
524	2	5	6	7	10	10	4	2	6	7
525	1	5	5	7	10	8	4	2	7	9
526	2	6	6	8	10	10	5	2	6	10
527	1	5	6	8	9	10	4	2	4	10
528	2	5	5	7	10	10	3	2	5	7
529	2	5	7	5	10	9	4	2	6	9
530	2	6	7	6	8	9	4	2	4	10
531	1	5	7	7	10	10	4	2	5	10
532	1	5	6	6	9	8	5	2	7	10
533	1	5	6	5	8	8	5	2	4	10
534	2	4	5	7	8	10	5	2	6	10
535	2	6	8	6	10	10	5	2	6	10
536	1	5	7	6	7	10	4	2	4	10
537	1	5	9	7	10	10	4	2	5	8
538	1	6	6	7	7	6	5	2	5	10
539	1	5	6	6	10	9	4	2	5	8
540	2	5	6	7	8	10	4	1	5	9
541	1	5	7	6	7	10	3	2	5	8
542	1	6	6	7	10	9	4	2	4	10
543	1	6	6	6	10	10	4	2	7	10
544	2	6	7	6	10	8	5	2	6	10
545	2	5	7	7	8	9	5	2	4	8
546	2	5	6	9	9	10	4	2	5	9
547	2	5	6	6	8	9	6	2	5	9
548	2	5	9	6	7	9	3	1	5	10
549	2	5	7	7	8	9	4	2	5	10
550	2	6	7	7	10	9	4	2	4	7
551	2	5	5	4	10	9	3	2	6	9
552	1	5	8	7	8	9	5	1	6	10
553	2	5	9	6	9	9	5	1	3	10
554	1	5	5	6	9	10	5	1	5	10
555	2	6	7	6	10	10	3	2	6	6
556	1	5	8	5	9	10	5	2	7	10
557	2	5	5	5	10	9	4	2	6	8
558	1	6	5	7	10	10	6	1	6	7
559	1	5	7	8	9	8	4	1	5	10
560	1	5	8	7	8	10	4	2	4	9
561	1	5	7	7	8	10	4	2	5	8
562	2	5	6	6	10	10	5	1	4	10
563	1	5	7	6	10	10	4	2	5	8
564	2	6	6	6	9	7	4	2	4	9
565	2	5	6	6	7	10	4	1	4	8
566	2	6	8	7	8	10	2	2	5	9
567	1	5	5	7	10	9	4	2	4	10
568	1	5	8	8	10	10	5	1	5	10
569	1	5	5	7	10	8	3	1	6	7
570	2	6	7	7	9	9	4	2	6	10
571	1	5	5	7	10	9	4	1	5	6
572	1	6	5	6	10	10	4	2	5	6
573	1	5	7	7	10	8	4	2	5	9
574	1	6	7	7	10	10	4	1	3	9
575	1	5	6	7	10	6	5	2	5	9
576	2	5	7	5	9	8	5	2	4	10
577	2	5	6	6	10	10	5	1	5	8
578	2	5	6	7	10	10	5	1	4	10
579	2	5	8	7	10	9	4	2	3	9
580	2	5	8	6	7	9	3	2	7	9
581	1	6	5	8	7	9	5	2	5	9
582	1	5	5	8	9	10	3	2	4	8
583	1	6	7	6	6	10	5	2	5	10
584	1	6	7	8	10	9	4	1	3	9
585	2	5	6	7	6	10	4	2	6	10
586	1	5	6	6	10	9	5	2	6	9
587	1	6	7	7	8	7	4	2	6	9
588	2	5	6	6	7	9	4	1	7	6
589	1	5	7	5	10	7	4	2	5	8
590	1	5	6	7	9	9	4	2	3	7
591	2	5	6	6	8	9	4	2	5	8
592	1	5	6	7	9	10	4	2	6	8
593	1	5	6	6	10	9	4	2	5	10
594	1	5	6	7	10	10	5	2	5	7
595	1	5	8	6	9	9	5	2	6	8
596	2	5	6	8	10	8	5	2	5	10
597	1	5	6	7	9	8	4	2	5	9
598	1	5	8	8	9	8	5	2	7	5
599	1	5	7	7	10	9	5	1	5	8
600	2	5	9	7	10	10	4	2	5	7
601	2	5	7	7	8	10	5	2	5	9
602	2	5	7	6	9	10	4	2	5	8
603	1	5	6	7	10	9	4	2	4	9
604	2	5	8	7	7	9	4	2	5	7
605	1	5	7	7	8	10	4	3	5	9
606	1	5	6	6	10	9	4	2	4	7
607	1	6	8	7	10	10	5	1	4	10
608	2	5	7	6	7	10	4	2	6	8
609	1	5	7	6	9	10	5	1	5	9
610	2	5	7	6	10	8	5	1	5	7
611	2	6	6	8	10	8	5	2	5	9
612	2	6	4	7	5	9	4	2	5	10
613	1	5	7	7	8	8	4	2	3	6
614	2	5	5	7	10	10	4	2	6	10
615	2	5	7	8	10	9	4	2	6	10
616	1	5	6	7	8	7	4	2	5	8
617	2	5	6	6	8	10	3	1	4	7
618	1	5	7	7	7	10	4	2	4	9
619	1	5	7	7	10	9	5	2	3	10
620	1	5	6	7	8	8	4	2	5	9
621	1	5	7	5	10	10	2	2	5	9
622	1	6	8	7	8	9	5	1	7	9
623	1	6	8	7	10	9	4	2	5	7
624	1	5	6	6	10	8	4	2	4	8
625	1	6	6	7	10	10	4	2	5	10
626	1	5	6	6	10	10	4	2	5	9
627	2	5	8	6	10	10	4	2	4	10
628	1	5	5	5	8	8	4	1	4	10
629	1	5	9	6	7	8	5	2	4	10
630	2	5	6	4	10	8	4	2	5	10
631	1	5	5	6	10	7	4	3	6	8
632	2	5	6	6	10	10	3	2	6	8
633	2	6	6	7	9	9	4	2	4	10
634	1	5	7	5	8	8	4	2	5	9
635	1	5	6	6	9	10	3	1	6	8
636	2	6	5	6	10	10	5	2	5	9
637	2	5	5	7	10	8	4	2	5	10
638	1	6	5	7	10	10	4	2	4	10
639	1	6	6	7	7	8	4	2	4	9
640	2	6	4	5	9	10	5	2	5	10
641	2	5	8	7	10	8	5	2	8	9
642	3	6	9	7	10	9	3	2	6	8
643	1	5	7	8	10	10	4	2	5	10
644	2	5	5	8	10	10	4	2	7	6
645	2	5	8	6	8	9	4	1	7	9
646	1	5	7	7	10	10	5	2	6	10
647	1	6	7	7	10	8	4	1	6	9
648	1	5	8	7	9	10	4	2	3	7
649	1	5	5	7	10	10	4	2	4	8
650	1	5	6	5	10	9	4	2	6	8
651	1	6	6	7	8	8	4	2	5	8
652	1	5	6	7	10	10	4	2	4	10
653	2	5	8	6	7	10	4	2	5	9
654	2	6	7	5	9	8	5	2	5	8
655	2	5	5	7	9	10	5	2	6	7
656	2	5	6	7	7	7	5	2	5	7
657	2	6	5	7	10	9	6	2	3	10
658	1	5	7	7	10	10	4	1	5	6
659	1	6	6	7	10	7	5	2	6	9
660	1	6	7	7	8	10	4	2	5	8
661	1	5	7	5	9	9	5	2	5	10
662	2	6	8	6	10	10	3	2	5	8
663	1	5	6	7	9	10	4	2	6	9
664	2	6	6	7	10	10	5	2	5	10
665	2	5	7	7	10	10	4	2	4	6
666	1	5	8	8	7	9	5	2	4	9
667	2	6	7	6	9	10	5	2	6	8
668	2	6	6	6	10	9	5	2	5	9
669	2	5	6	6	10	9	3	1	6	10
670	1	5	5	7	10	9	3	1	5	9
671	1	5	8	7	10	8	4	2	6	10
672	1	6	5	6	10	9	4	2	6	10
673	2	5	8	7	10	9	5	2	4	8
674	2	5	7	6	10	10	5	2	4	7
675	1	6	8	6	9	7	5	2	3	5
676	2	6	7	7	10	8	4	2	5	10
677	2	5	7	7	10	9	4	2	6	10
678	1	5	6	6	8	10	4	2	5	10
679	1	5	6	7	9	8	4	2	7	8
680	1	4	6	6	10	10	4	2	5	10
681	2	5	8	6	9	10	4	2	7	9
682	2	6	6	6	10	7	4	2	8	10
683	1	5	6	7	7	9	5	2	5	10
684	1	6	5	7	10	10	4	2	1	10
685	1	6	8	8	10	9	5	2	6	8
686	2	5	7	7	10	7	4	2	6	9
687	1	5	6	7	10	10	4	1	5	9
688	2	5	7	7	10	10	4	2	5	10
689	1	4	6	6	10	9	5	2	4	8
690	1	6	5	7	9	9	4	2	5	4
691	1	5	5	6	10	10	5	2	7	8
692	1	5	6	6	10	9	4	2	6	8
693	1	5	7	7	10	9	4	3	6	10
694	2	6	6	6	10	8	4	2	4	6
695	1	5	6	7	10	9	3	2	4	8
696	1	6	6	6	9	7	5	2	6	10
697	2	5	6	7	10	10	4	2	5	10
698	1	5	6	8	6	9	5	2	5	10
699	2	6	7	7	10	10	4	2	4	10
700	1	5	6	6	10	10	3	2	7	10
701	2	5	6	6	7	10	5	2	5	9
702	2	5	7	6	7	10	5	1	5	7
703	1	6	5	7	10	10	4	2	3	9
704	2	5	7	7	9	9	4	2	5	6
705	1	5	5	5	10	10	5	2	6	9
706	2	5	6	7	9	9	4	2	4	6
707	2	6	7	7	8	10	5	2	5	9
708	2	5	7	7	6	9	4	1	5	10
709	2	6	7	7	10	7	4	1	4	10
710	1	5	6	7	10	8	3	2	5	8
711	2	6	5	7	10	8	4	2	6	10
712	1	5	8	8	8	9	4	2	5	7
713	1	5	7	7	7	7	5	2	7	9
714	2	5	6	6	10	8	5	1	5	8
715	2	6	7	6	9	9	4	2	5	7
716	2	5	6	6	10	9	4	2	5	10
717	1	6	4	7	9	9	4	1	5	10
718	3	5	7	6	8	10	5	2	6	5
719	2	5	8	6	9	10	4	2	4	9
720	1	5	8	5	9	8	6	2	5	6
721	1	5	5	7	9	8	3	1	2	7
722	2	5	7	7	10	10	5	2	5	8
723	2	5	6	6	10	9	4	2	5	6
724	1	5	7	5	7	8	4	2	5	10
725	2	6	5	8	10	10	5	2	6	9
726	2	5	6	7	9	10	4	2	5	10
727	1	5	5	6	9	10	5	2	6	10
728	2	6	7	7	10	9	5	2	3	6
729	2	5	6	6	9	7	5	2	4	8
730	1	6	6	8	8	7	4	2	5	9
731	2	5	6	7	10	10	4	2	5	10
732	1	5	6	6	8	8	4	2	6	9
733	1	6	6	8	8	10	4	2	6	5
734	1	6	7	7	9	10	4	2	6	10
735	2	5	7	5	10	10	4	1	5	9
736	1	6	6	6	9	10	4	2	6	9
737	2	5	6	8	9	10	4	2	5	9
738	2	5	4	7	10	10	4	2	3	6
739	2	5	6	8	9	7	4	2	7	10
740	1	5	5	6	10	9	4	2	5	9
741	2	6	6	7	10	8	5	2	6	8
742	2	6	7	6	9	9	4	2	4	9
743	1	5	7	6	9	10	3	1	5	9
744	1	5	6	7	10	9	4	2	5	10
745	2	5	9	6	7	10	5	1	4	10
746	2	6	6	6	10	8	5	2	5	10
747	2	6	7	7	7	10	5	2	6	10
748	2	5	7	7	10	7	5	2	4	9
749	2	5	6	6	9	10	4	2	6	9
750	2	5	6	7	9	9	5	2	5	9
751	2	6	5	7	10	8	4	2	6	7
752	1	5	7	7	10	9	5	2	6	9
753	1	6	6	6	10	8	6	2	5	9
754	2	6	7	7	8	8	5	1	5	8
755	1	6	7	8	10	8	5	2	6	8
756	1	5	6	6	10	9	3	2	5	10
757	1	4	6	7	8	9	4	2	6	9
758	2	5	4	6	9	8	4	2	5	8
759	1	6	6	7	8	7	3	2	6	10
760	1	6	7	7	10	10	5	2	7	10
761	1	5	6	7	10	7	5	2	5	9
762	2	5	7	7	9	9	3	2	4	6
763	2	6	5	7	10	7	4	2	6	9
764	2	5	7	6	10	10	4	2	6	5
765	1	4	5	6	10	10	5	1	5	10
766	2	5	6	6	10	10	3	2	3	10
767	1	6	4	6	10	6	6	1	4	8
768	1	5	7	6	8	8	4	2	8	9
769	2	6	6	6	10	9	6	2	5	10
770	1	6	6	7	10	8	5	1	4	10
771	2	5	7	7	8	10	5	1	3	10
772	2	5	8	6	10	8	5	1	6	10
773	2	5	5	6	10	10	4	2	6	10
774	2	5	6	6	10	9	4	2	4	7
775	2	6	7	7	10	8	3	2	5	9
776	1	5	7	8	8	10	4	1	5	10
777	1	6	6	4	10	10	4	2	4	8
778	1	5	7	6	9	7	4	2	3	10
779	2	6	7	6	9	8	4	2	6	8
780	2	5	7	8	9	10	4	2	6	9
781	1	5	5	8	9	9	5	2	6	8
782	1	5	6	7	9	8	5	2	5	6
783	1	6	6	7	8	9	5	2	5	9
784	1	5	6	6	10	9	3	2	5	8
785	2	6	8	7	8	8	5	2	5	9
786	2	6	8	7	8	9	4	2	2	9
787	2	5	6	7	8	10	5	2	5	8
788	1	5	6	8	9	8	5	1	5	7
789	2	5	6	6	7	10	3	2	5	10
790	2	6	7	7	7	9	4	2	4	6
791	1	6	6	6	9	9	4	2	6	10
792	2	5	5	6	10	9	4	2	6	9
793	2	6	6	6	10	8	5	2	6	8
794	1	5	6	6	7	10	5	2	5	10
795	2	5	5	7	10	9	5	2	7	10
796	2	5	6	7	10	10	5	2	6	10
797	2	5	7	7	10	9	4	2	4	7
798	2	4	7	7	9	10	5	2	5	8
799	2	5	6	6	9	8	4	2	5	7
800	2	6	6	8	10	9	5	1	4	10
801	2	6	6	7	10	6	4	2	5	9
802	1	5	7	6	10	9	4	1	5	6
803	1	6	8	6	10	10	3	2	6	7
804	2	5	6	8	8	10	4	2	5	10
805	2	5	5	6	8	10	4	2	4	6
806	1	5	7	6	8	9	4	2	6	10
807	1	5	6	9	9	9	3	2	4	9
808	2	5	8	8	10	6	4	2	4	8
809	1	6	7	7	10	9	4	2	4	8
810	2	6	7	6	10	10	5	2	4	9
811	2	5	6	7	10	8	5	2	6	10
812	1	6	6	6	8	10	3	2	4	9
813	1	6	5	7	9	10	2	2	5	10
814	1	5	6	7	10	10	3	2	6	9
815	1	5	6	8	9	10	4	2	5	7
816	1	5	6	6	9	8	4	2	5	9
817	2	6	7	8	9	10	4	2	5	8
818	2	6	6	7	9	8	5	2	8	10
819	1	6	5	5	7	10	5	2	5	8
820	1	6	6	6	7	8	3	2	4	9
821	2	5	6	6	10	8	5	2	6	9
822	1	5	5	6	10	7	5	2	6	6
823	2	5	6	7	10	9	4	2	5	10
824	2	5	6	6	9	9	5	2	6	9
825	2	6	6	8	10	10	5	2	4	9
826	2	5	8	6	9	8	4	2	3	10
827	2	6	6	6	10	8	5	2	6	9
828	2	5	7	8	9	6	4	2	5	9
829	1	5	6	7	8	6	5	1	6	9
830	1	4	7	6	10	10	4	1	4	5
831	2	6	6	8	9	9	4	2	5	10
832	2	5	7	8	10	7	5	2	5	10
833	1	5	6	6	6	10	5	2	5	10
834	2	5	8	7	9	10	4	2	5	10
835	1	5	6	7	7	8	4	2	5	8
836	1	5	6	8	10	8	3	1	6	10
837	2	5	6	8	10	8	4	2	7	10
838	2	5	8	6	10	8	3	2	6	10
839	2	5	6	5	10	9	3	2	6	7
840	1	5	6	7	9	10	5	2	5	8
841	1	6	7	7	10	10	4	1	5	9
842	1	5	6	7	10	8	5	2	5	9
843	1	5	7	7	10	9	4	1	6	9
844	1	6	7	7	10	9	4	1	4	10
845	2	5	7	6	10	10	4	2	6	8
846	2	5	6	6	7	9	7	2	5	10
847	2	5	6	6	10	8	4	2	4	10
848	2	5	6	7	10	7	4	1	5	9
849	2	6	6	6	9	10	4	2	6	10
850	2	5	8	6	10	9	6	1	5	9
851	1	6	7	6	10	9	4	2	4	7
852	2	5	5	7	10	10	5	2	5	10
853	2	6	6	7	9	7	4	2	3	9
854	2	5	6	7	9	9	5	2	5	10
855	2	5	6	7	10	9	4	2	4	9
856	2	6	5	6	7	8	4	2	5	7
857	2	5	7	7	10	10	5	2	6	10
858	1	5	6	7	9	9	4	2	5	10
859	2	5	6	7	9	9	4	2	4	10
860	1	5	7	7	9	10	4	2	5	10
861	1	6	8	5	9	7	4	2	5	8
862	1	5	5	6	10	10	4	2	5	10
863	2	6	5	6	8	9	3	2	6	7
864	1	6	8	8	10	10	5	1	6	7
865	1	6	6	6	10	10	4	2	7	10
866	1	4	8	7	8	10	3	2	5	9
867	1	6	7	8	9	10	5	2	6	10
868	1	6	4	5	8	10	4	1	5	10
869	2	5	7	6	9	9	4	3	5	10
870	1	6	6	6	10	9	3	2	3	10
871	2	5	5	7	10	9	5	2	4	8
872	1	5	6	6	10	10	4	2	5	10
873	1	5	7	5	9	10	4	2	6	8
874	1	5	5	7	9	8	5	2	5	9
875	1	5	7	8	8	10	3	2	5	10
876	2	5	8	7	10	8	3	2	5	9
877	1	6	5	6	9	9	3	2	6	9
878	2	5	6	7	8	7	4	2	6	10
879	2	5	8	6	9	7	4	2	6	10
880	2	6	6	6	10	7	4	2	3	10
881	1	5	7	7	10	10	5	2	4	7
882	1	5	6	6	10	10	3	2	5	10
883	2	6	8	6	10	8	4	2	6	10
884	1	5	6	7	10	7	5	2	4	10
885	2	5	6	7	9	10	4	2	5	9
886	1	5	7	6	7	8	5	2	6	9
887	1	6	7	6	10	10	5	2	4	10
888	1	5	7	7	10	9	4	2	6	9
889	2	5	5	6	10	9	6	2	6	8
890	1	5	8	6	10	8	5	2	5	10
891	2	6	6	7	10	10	4	2	5	10
892	1	6	7	6	8	8	4	2	5	9
893	1	5	7	7	10	9	5	2	7	8
894	2	5	7	6	8	8	5	2	5	8
895	2	6	7	6	9	10	5	2	4	6
896	1	5	6	7	10	8	4	2	5	9
897	2	5	7	7	9	10	4	2	3	8
898	1	5	6	6	10	7	3	3	6	10
899	1	4	8	6	10	10	5	2	5	9
900	2	5	7	6	10	9	5	2	4	9
901	3	5	7	6	10	9	5	2	5	9
902	2	6	6	7	9	8	4	2	3	10
903	1	6	8	6	9	9	3	2	3	10
904	2	6	6	6	10	9	4	1	5	10
905	2	5	7	8	9	8	4	2	5	8
906	1	5	7	7	10	10	7	2	6	9
907	2	6	7	7	10	8	4	2	5	8
908	2	5	7	6	10	10	5	2	7	8
909	2	6	8	7	10	9	3	2	5	10
910	1	5	6	6	10	8	5	1	7	9
911	2	5	7	6	9	10	4	2	5	10
912	2	4	6	5	8	8	4	2	6	9
913	1	6	5	7	8	9	3	2	5	7
914	2	5	6	5	10	8	4	1	6	10
915	2	5	7	6	10	9	4	2	6	10
916	1	6	6	8	9	9	5	2	4	7
917	2	5	7	7	7	8	4	2	6	9
918	2	5	5	7	9	10	5	2	5	9
919	2	5	7	6	7	10	4	1	5	9
920	1	5	7	6	9	10	5	2	5	9
921	1	5	8	8	10	7	6	2	4	9
922	2	5	7	7	9	10	6	2	5	10
923	1	6	6	5	10	8	3	1	5	9
924	1	5	6	7	9	10	4	2	5	8
925	1	5	7	6	8	10	4	2	4	8
926	1	5	5	4	10	7	5	2	6	10
927	1	5	7	7	7	10	5	2	5	9
928	2	5	6	7	10	9	5	2	5	8
929	1	5	6	7	8	7	5	1	5	10
930	1	5	5	6	10	8	4	1	5	6
931	1	6	6	6	10	9	3	2	6	8
932	2	5	7	7	10	9	5	2	7	10
933	2	6	4	7	8	7	4	2	5	10
934	2	5	7	8	10	9	4	2	6	9
935	1	6	8	7	10	9	4	2	5	10
936	2	5	8	7	9	8	3	2	6	10
937	1	6	6	5	8	10	6	2	4	8
938	2	5	7	6	10	8	5	2	6	6
939	2	6	6	7	10	9	4	2	6	10
940	1	6	7	7	10	10	5	2	5	9
941	1	5	6	6	8	6	4	2	5	10
942	1	6	7	7	9	8	4	2	4	10
943	2	5	6	6	6	9	4	1	5	10
944	1	6	6	6	5	8	5	2	5	10
945	1	6	6	7	9	8	4	1	6	10
946	2	6	5	6	10	10	4	2	6	8
947	2	5	7	9	10	9	3	2	5	7
948	2	5	6	6	7	10	4	1	3	10
949	1	5	6	5	10	7	4	2	7	10
950	2	5	6	6	10	9	4	2	4	7
951	2	6	5	7	9	10	4	2	5	10
952	2	5	6	7	9	8	4	1	5	9
953	2	6	8	6	8	8	5	1	7	8
954	2	5	7	8	8	10	5	2	4	6
955	1	5	4	8	10	7	3	2	4	9
956	2	6	6	5	10	10	4	2	5	10
957	1	5	6	6	8	9	4	2	5	9
958	2	6	9	5	10	8	5	1	5	10
959	2	6	5	8	9	7	4	2	7	9
960	1	5	6	6	10	10	5	2	4	8
961	2	5	8	7	9	9	5	1	7	9
962	1	5	6	5	10	10	4	2	6	7
963	1	6	7	7	10	8	4	2	5	10
964	2	5	8	8	5	7	5	2	4	9
965	1	5	6	8	10	10	4	2	6	7
966	1	6	6	7	10	10	5	2	3	10
967	1	6	7	6	8	10	5	2	5	9
968	1	6	6	8	10	9	5	2	5	10
969	1	5	6	7	10	10	4	1	7	9
970	2	5	5	8	9	8	4	2	5	8
971	2	6	5	8	10	9	4	2	5	8
972	2	6	6	6	10	10	4	2	4	10
973	2	5	6	5	9	9	5	2	5	10
974	1	6	8	7	6	10	5	2	6	10
975	1	5	6	6	10	9	4	2	5	9
976	2	5	5	8	9	7	5	2	6	9
977	2	6	7	5	10	9	5	2	5	10
978	1	5	6	7	10	8	4	2	4	10
979	2	5	7	7	10	8	4	1	4	10
980	1	5	8	5	9	10	6	2	6	9
981	2	5	7	6	10	9	4	2	3	9
982	2	5	5	8	8	10	4	2	6	10
983	2	5	5	5	10	9	5	2	6	10
984	1	5	5	6	10	7	4	1	5	8
985	1	6	7	7	8	9	5	2	5	7
986	2	5	6	8	10	8	5	2	6	10
987	1	5	6	7	9	10	4	2	6	8
988	1	4	5	7	10	7	3	2	3	8
989	1	5	6	5	8	9	5	1	5	9
990	1	5	6	7	10	9	4	2	5	8
991	2	5	6	7	8	8	5	2	5	6
992	1	5	7	6	10	10	4	2	5	8
993	1	5	6	6	8	8	4	2	5	9
994	2	5	7	9	10	9	5	2	6	9
995	2	6	7	5	10	10	4	1	5	9
996	2	5	6	7	10	8	5	2	5	8
997	2	5	7	6	7	9	4	2	5	9
998	1	5	6	8	8	8	4	2	5	9
999	2	5	6	6	10	9	5	2	5	9
1000	2	5	6	8	8	10	5	2	4	8
1001	2	5	6	6	10	7	4	2	5	9
1002	1	5	6	6	8	8	3	2	4	10
1003	1	5	5	6	10	9	5	2	6	10
1004	2	5	6	6	10	7	4	2	6	7
1005	1	6	6	6	10	10	5	2	5	9
1006	2	5	7	7	9	8	6	2	6	8
1007	2	5	6	8	10	10	3	2	5	10
1008	1	5	6	7	8	8	5	2	4	8
1009	2	5	6	7	9	10	5	1	4	8
1010	2	5	7	5	8	9	4	2	6	8
1011	1	5	7	6	7	8	4	1	6	8
1012	2	5	7	7	9	9	4	2	5	8
1013	2	5	6	7	9	7	4	2	5	9
1014	2	6	5	6	10	10	5	1	5	10
1015	2	5	7	6	9	8	3	2	6	10
1016	1	5	7	8	10	10	4	2	6	10
1017	1	5	6	7	10	10	5	2	4	10
1018	2	6	7	8	9	10	6	2	5	9
1019	2	5	5	6	10	9	4	2	5	10
1020	1	5	5	8	10	10	6	2	6	9
1021	1	6	7	6	8	8	5	1	5	10
1022	1	6	7	5	10	10	3	2	6	8
1023	2	5	6	7	9	9	5	2	5	6
1024	2	6	6	6	10	7	5	2	6	10
1025	1	5	7	8	10	9	5	1	4	10
1026	1	5	8	7	10	9	4	2	4	8
1027	1	5	7	6	10	9	4	2	5	9
1028	1	5	6	5	8	10	5	2	3	8
1029	2	5	6	8	9	9	4	2	6	10
1030	2	5	6	6	10	10	4	2	4	7
1031	1	5	7	6	7	10	5	2	4	8
1032	2	5	7	6	8	7	5	2	6	9
1033	2	6	6	7	10	10	5	2	6	9
1034	2	6	6	7	7	8	4	2	3	8
1035	2	5	7	8	10	7	5	2	4	10
1036	1	6	7	7	8	8	5	1	5	9
1037	2	6	6	6	10	9	4	2	6	10
1038	1	6	7	6	10	9	4	2	5	8
1039	2	6	7	7	9	10	4	2	6	8
1040	1	5	6	8	9	8	4	1	5	8
1041	2	6	7	6	10	8	5	2	5	10
1042	1	5	7	6	9	10	4	2	5	9
1043	1	6	5	6	10	8	5	1	6	10
1044	1	6	6	6	10	9	4	2	7	8
1045	1	5	6	7	10	9	3	2	5	8
1046	1	5	6	7	10	10	5	2	5	10
1047	2	6	6	6	9	8	5	2	3	10
1048	1	5	8	6	8	10	5	2	4	10
1049	1	5	7	8	10	8	4	2	6	10
1050	2	5	6	7	9	7	5	2	5	7
1051	2	5	7	5	10	10	5	2	6	9
1052	1	5	6	6	10	6	3	2	4	10
1053	2	5	6	7	10	8	4	2	7	8
1054	1	5	7	7	10	9	5	2	5	10
1055	1	5	7	7	8	9	6	2	6	9
1056	1	6	6	7	10	10	4	2	3	9
1057	2	5	7	6	10	10	5	1	5	9
1058	1	5	8	8	10	9	5	2	3	10
1059	2	5	7	7	10	10	3	2	4	8
1060	2	6	5	7	10	9	5	2	6	9
1061	2	5	7	8	10	8	4	2	3	6
1062	2	5	7	7	9	10	4	3	6	7
1063	2	5	7	8	8	9	5	2	4	8
1064	1	6	7	7	10	9	5	1	4	7
1065	1	5	6	6	10	10	4	2	5	10
1066	1	5	6	5	10	8	5	2	2	9
1067	2	5	7	7	10	9	4	2	5	7
1068	1	5	6	7	10	9	4	1	5	10
1069	1	5	6	9	9	9	4	1	7	10
1070	1	5	6	6	10	7	5	2	4	9
1071	2	6	7	7	10	10	4	2	4	7
1072	1	5	7	7	9	10	5	2	5	8
1073	2	6	6	6	9	7	5	2	3	10
1074	2	5	7	8	10	9	4	1	4	7
1075	2	6	7	6	8	10	4	2	5	8
1076	2	5	6	8	7	9	4	2	6	10
1077	2	5	6	5	9	9	3	2	4	10
1078	1	6	6	6	10	9	4	2	6	7
1079	2	4	6	7	10	9	3	2	5	10
1080	2	5	6	7	7	10	4	1	3	10
1081	2	5	7	7	8	8	4	2	5	10
1082	2	5	6	6	9	9	4	2	6	10
1083	1	5	7	6	10	10	5	2	5	9
1084	1	5	7	7	9	7	4	2	4	8
1085	1	6	6	8	9	9	4	2	5	9
1086	1	6	7	7	8	10	4	2	6	9
1087	1	5	6	6	9	10	4	2	5	9
1088	1	6	7	7	8	10	5	2	4	10
1089	1	5	6	7	9	10	4	2	7	6
1090	1	6	5	7	9	8	4	1	5	9
1091	2	5	7	9	10	9	4	2	7	10
1092	1	6	8	7	10	10	5	1	5	7
1093	1	5	9	6	10	10	4	1	6	10
1094	1	6	6	8	9	8	3	2	4	8
1095	2	5	7	6	10	8	4	2	4	9
1096	1	6	7	5	10	10	4	2	4	10
1097	2	4	6	6	10	10	4	2	6	9
1098	2	5	8	7	10	9	4	2	6	9
1099	2	5	7	7	10	10	5	1	7	8
1100	1	5	6	8	7	10	4	2	5	7
1101	1	6	6	7	10	8	4	2	3	9
1102	2	5	6	7	10	10	5	1	5	10
1103	2	5	6	7	9	8	4	2	6	10
1104	2	6	6	6	9	9	4	1	6	8
1105	2	5	6	6	10	9	5	2	5	9
1106	1	5	7	6	10	9	5	2	6	10
1107	2	5	7	7	10	7	6	1	5	6
1108	1	5	6	7	10	9	4	2	6	9
1109	1	6	7	6	9	7	4	2	6	8
1110	1	6	8	6	8	10	4	2	6	9
1111	2	6	7	6	10	9	4	2	6	6
1112	1	5	6	6	10	9	3	2	5	9
1113	2	6	5	6	10	10	4	2	5	10
1114	2	5	5	6	10	9	5	2	5	8
1115	2	6	8	6	8	10	5	1	5	10
1116	1	6	7	7	10	9	4	2	5	8
1117	2	4	6	6	7	9	5	2	6	9
1118	1	5	6	8	10	9	4	2	6	9
1119	2	6	8	5	10	9	3	2	5	9
1120	2	5	6	7	8	8	4	2	6	10
1121	1	5	6	7	10	7	4	2	4	9
1122	1	5	6	7	8	9	4	2	6	10
1123	1	5	7	8	10	8	4	2	6	10
1124	1	5	7	8	8	9	5	1	7	7
1125	1	6	6	7	8	10	5	2	4	7
1126	2	5	7	8	8	9	4	2	7	9
1127	1	5	6	7	10	10	4	1	5	8
1128	2	6	4	7	10	8	5	2	5	6
1129	1	6	6	6	7	8	4	2	5	9
1130	1	5	6	6	6	9	5	2	6	9
1131	1	5	5	7	9	10	4	2	6	8
1132	1	5	4	7	10	10	4	2	6	10
1133	2	5	9	6	10	9	4	2	6	8
1134	1	5	8	6	10	9	3	2	5	7
1135	2	5	5	7	8	9	4	1	5	10
1136	2	5	5	7	10	9	3	2	6	8
1137	2	6	4	6	9	10	4	2	7	10
1138	2	6	7	7	7	10	3	2	5	7
1139	2	5	8	7	8	10	4	2	5	10
1140	2	6	6	5	8	7	4	2	5	8
1141	2	6	7	6	9	10	4	3	5	5
1142	2	5	6	7	10	10	4	2	6	10
1143	1	5	8	6	8	9	4	2	6	7
1144	1	5	5	7	9	9	4	2	5	5
1145	1	6	7	7	10	10	4	2	6	10
1146	1	6	6	6	7	8	4	2	5	9
1147	2	6	5	6	10	9	5	2	5	8
1148	1	5	6	6	10	10	4	2	4	8
1149	1	5	6	7	10	9	4	2	5	9
1150	2	5	7	6	10	8	4	2	5	10
1151	1	5	7	7	5	8	5	1	5	10
1152	2	5	8	6	8	10	4	1	5	8
1153	1	5	7	8	10	10	5	2	4	9
1154	1	5	6	6	8	9	4	2	6	10
1155	2	6	7	7	10	10	4	2	4	7
1156	1	5	6	6	10	10	5	2	5	10
1157	1	5	6	6	8	9	4	3	6	8
1158	1	5	5	7	10	8	4	2	5	9
1159	2	6	7	7	9	9	3	2	3	7
1160	2	6	7	7	9	8	4	2	5	9
1161	2	5	7	7	8	9	4	2	4	10
1162	2	5	7	5	9	9	6	2	6	10
1163	1	5	7	7	10	8	4	2	6	10
1164	2	5	7	7	10	9	4	2	6	10
1165	2	5	6	8	10	9	4	2	6	10
1166	1	5	6	6	10	9	3	2	6	7
1167	2	5	8	6	10	10	5	2	5	7
1168	1	6	6	6	10	10	3	2	6	7
1169	2	5	7	6	10	9	5	2	5	7
1170	2	5	6	6	10	8	5	2	7	10
1171	1	5	6	8	8	10	3	2	5	10
1172	2	5	7	6	9	8	5	2	6	10
1173	2	6	6	6	9	7	4	2	5	8
1174	1	5	6	7	9	5	4	2	4	8
1175	2	5	7	7	8	10	5	2	6	9
1176	2	5	6	5	10	9	5	2	6	9
1177	1	5	6	7	9	6	4	2	3	10
1178	1	5	7	6	9	9	5	2	6	7
1179	2	5	6	7	10	6	4	2	4	8
1180	1	5	7	6	10	8	5	2	5	9
1181	2	5	6	7	6	9	5	2	4	7
1182	2	6	7	7	10	8	5	2	5	9
1183	1	5	6	5	10	9	3	2	5	10
1184	2	5	7	6	10	10	5	2	5	10
1185	1	5	5	6	7	10	5	2	3	9
1186	1	5	6	9	7	9	5	2	6	8
1187	2	6	6	7	10	10	4	1	6	8
1188	2	5	6	7	10	8	4	2	4	10
1189	2	6	7	7	7	9	3	2	5	9
1190	2	5	7	7	10	10	4	2	4	10
1191	1	6	5	6	10	7	4	2	4	10
1192	2	5	6	7	10	9	3	2	4	8
1193	1	5	5	7	10	8	3	2	5	10
1194	1	6	5	8	8	9	6	1	5	9
1195	1	5	8	7	9	8	4	2	6	10
1196	1	5	6	9	10	10	5	2	5	7
1197	1	5	6	8	8	10	4	2	5	9
1198	2	5	5	7	10	9	4	2	6	9
1199	2	5	5	6	10	10	4	2	4	8
1200	1	6	6	7	8	9	4	2	5	9
1201	1	5	6	6	10	9	4	2	5	10
1202	2	5	6	7	8	8	5	2	5	9
1203	2	6	6	6	9	8	4	1	5	8
1204	1	5	7	5	9	10	4	2	6	8
1205	2	5	7	7	7	7	6	1	4	8
1206	1	5	6	9	6	9	4	2	5	9
1207	1	5	7	7	8	9	5	2	5	10
1208	1	6	6	6	10	9	5	2	5	10
1209	1	5	7	8	8	10	4	2	4	10
1210	1	5	5	7	10	10	5	1	6	10
1211	1	5	5	7	10	6	4	2	6	10
1212	2	6	5	5	9	8	4	2	8	8
1213	3	5	7	5	9	10	4	1	4	8
1214	1	5	6	7	9	7	5	1	5	10
1215	2	5	8	7	9	7	5	2	5	8
1216	1	5	6	7	10	9	3	2	6	10
1217	2	6	7	7	10	7	4	1	5	7
1218	2	5	6	6	10	9	4	2	5	10
1219	1	6	7	6	9	9	4	2	3	8
1220	1	5	5	7	9	8	4	2	4	9
1221	1	5	8	7	8	10	5	2	3	10
1222	1	5	5	6	7	8	6	2	7	9
1223	1	6	6	6	10	9	4	2	5	10
1224	1	5	5	6	9	9	4	2	4	8
1225	1	5	6	8	10	9	3	2	6	10
1226	2	5	6	7	10	8	4	2	5	10
1227	1	5	9	7	10	10	3	2	5	9
1228	1	6	7	7	6	10	4	2	5	9
1229	1	5	4	4	10	9	5	2	5	10
1230	2	6	5	7	10	9	4	2	5	9
1231	2	6	7	7	8	10	4	2	5	10
1232	2	6	7	6	6	7	4	2	6	7
1233	2	6	6	6	9	7	4	2	3	10
1234	1	5	7	8	8	10	4	2	7	7
1235	1	5	5	7	7	8	4	2	6	10
1236	2	5	6	5	9	10	4	2	5	10
1237	1	5	4	9	10	10	5	2	5	10
1238	2	5	7	7	10	8	5	2	5	9
1239	1	6	7	7	9	8	5	2	5	9
1240	1	5	6	8	10	9	4	2	6	6
1241	1	6	7	8	10	7	3	2	4	8
1242	1	5	6	7	10	8	4	1	6	6
1243	2	5	5	8	10	10	5	2	6	8
1244	1	6	6	6	10	8	4	2	6	8
1245	1	6	7	7	10	8	5	2	5	7
1246	2	5	6	8	10	10	5	1	6	9
1247	2	6	7	5	10	10	5	2	5	10
1248	1	5	6	7	9	7	5	2	5	10
1249	1	5	5	6	8	8	4	2	5	10
1250	2	5	7	7	8	10	4	2	6	10
1251	2	5	4	6	9	9	4	2	5	9
1252	1	5	6	7	10	10	4	2	6	10
1253	2	5	6	6	9	9	4	2	4	8
1254	1	5	6	6	9	7	4	2	5	6
1255	2	6	7	6	10	10	4	2	6	9
1256	1	5	4	6	8	9	4	2	5	8
1257	2	6	6	7	7	10	3	2	4	8
1258	1	6	6	7	9	9	5	2	5	9
1259	2	5	7	8	10	9	4	1	6	10
1260	1	5	6	7	9	9	3	2	6	8
1261	2	5	7	6	10	9	5	1	6	9
1262	1	5	7	5	10	8	5	2	3	9
1263	1	5	6	8	10	8	3	1	5	7
1264	2	4	6	6	9	10	4	2	5	10
1265	1	5	6	7	10	10	4	1	4	10
1266	1	5	6	6	10	9	3	2	6	7
1267	1	6	7	6	9	8	5	2	6	10
1268	1	4	5	6	8	8	4	2	5	10
1269	2	6	6	6	10	10	4	2	4	8
1270	2	5	8	7	8	10	4	2	5	8
1271	2	6	6	7	8	9	6	2	5	10
1272	1	5	7	7	8	9	5	2	6	8
1273	1	5	8	7	8	10	4	2	5	8
1274	2	5	7	7	8	8	5	2	6	8
1275	2	6	6	6	9	9	4	2	5	9
1276	2	5	6	6	6	8	3	2	5	9
1277	2	6	7	7	10	9	5	2	6	9
1278	2	6	7	6	10	10	4	2	5	9
1279	2	6	6	6	8	7	5	2	4	10
1280	1	5	7	6	6	9	4	2	5	8
1281	1	6	6	7	8	10	4	2	6	10
1282	1	5	8	9	10	10	4	2	5	10
1283	1	5	7	7	9	10	4	2	4	9
1284	2	5	6	8	10	10	4	2	6	10
1285	1	5	5	6	10	10	4	2	5	9
1286	1	5	6	7	7	8	4	2	5	9
1287	1	5	7	6	10	9	4	2	5	10
1288	2	4	6	6	8	10	4	2	7	10
1289	2	6	5	6	10	10	5	1	7	8
1290	2	6	8	5	5	10	4	2	5	9
1291	2	5	7	8	10	7	5	2	4	9
1292	2	5	6	7	9	9	5	2	4	9
1293	1	6	7	8	7	8	4	2	6	9
1294	2	5	6	7	10	9	4	2	4	9
1295	2	5	7	6	7	9	4	2	6	10
1296	1	5	6	6	8	9	4	2	6	7
1297	1	6	6	6	8	9	5	2	5	10
1298	1	5	6	7	10	10	4	2	5	8
1299	2	6	6	6	8	10	5	1	6	8
1300	1	5	7	6	10	7	4	2	6	9
1301	1	4	7	8	6	8	4	2	5	10
1302	2	5	5	7	9	10	5	2	4	10
1303	1	5	7	7	10	9	5	2	4	9
1304	2	5	5	6	10	10	5	2	6	7
1305	1	6	6	6	10	7	3	2	4	9
1306	1	5	7	6	9	10	4	2	5	8
1307	1	6	7	7	10	8	5	2	6	8
1308	1	5	6	7	10	10	4	3	6	8
1309	1	6	7	8	9	8	4	2	5	10
1310	2	5	6	7	10	9	6	2	6	7
1311	1	5	6	7	10	7	3	2	5	8
1312	1	5	7	7	10	10	4	2	7	9
1313	1	4	6	7	10	10	3	1	2	9
1314	1	5	5	7	10	8	5	2	5	10
1315	2	5	6	6	8	10	5	2	4	10
1316	2	6	7	5	10	10	5	2	6	10
1317	1	6	7	6	10	9	5	2	3	7
1318	1	5	6	7	10	8	4	2	6	9
1319	1	5	7	7	10	9	5	2	4	10
1320	1	5	6	6	10	9	6	2	5	10
1321	1	6	6	7	9	10	3	2	5	10
1322	1	5	6	8	10	8	4	2	5	10
1323	2	6	8	7	10	8	5	2	5	9
1324	2	6	6	8	10	8	4	2	4	8
1325	1	5	4	7	10	8	5	2	5	10
1326	2	5	4	7	9	10	4	2	7	8
1327	1	5	4	8	9	10	5	1	4	7
1328	1	6	5	7	10	9	4	2	5	7
1329	1	5	6	7	10	10	4	2	5	8
1330	2	5	6	7	8	10	4	1	5	10
1331	1	4	8	6	9	10	5	2	5	10
1332	2	5	5	7	10	9	5	2	6	10
1333	2	6	6	8	8	9	5	1	5	10
1334	1	5	6	6	9	10	4	2	6	9
1335	1	5	7	7	9	8	3	2	4	10
1336	1	6	8	7	10	10	5	2	6	10
1337	2	5	4	7	9	8	4	1	7	8
1338	2	6	7	6	9	10	5	2	4	10
1339	1	6	7	7	10	9	5	2	5	10
1340	2	5	7	7	9	10	5	2	6	10
1341	2	5	7	6	10	8	5	2	4	9
1342	1	6	6	6	9	9	5	3	6	8
1343	1	5	7	8	10	8	5	2	4	8
1344	2	5	8	7	10	7	4	2	5	9
1345	2	5	5	7	7	8	4	2	6	9
1346	2	6	7	6	10	8	3	2	5	8
1347	2	5	6	7	10	9	4	2	7	9
1348	1	5	5	6	8	10	5	2	4	8
1349	1	6	7	7	8	9	4	2	4	9
1350	2	6	7	7	10	9	4	2	4	10
1351	2	6	7	6	9	10	4	2	5	10
1352	2	6	8	8	10	8	4	2	6	9
1353	1	5	6	6	9	9	4	1	7	8
1354	1	5	6	6	9	7	4	1	5	8
1355	2	5	7	6	9	7	3	2	5	10
1356	2	4	6	7	9	10	5	2	5	10
1357	1	6	7	7	9	7	4	2	5	10
1358	1	6	5	6	10	8	5	2	5	10
1359	1	6	6	7	9	10	3	2	6	8
1360	1	5	5	9	8	7	5	2	4	7
1361	2	6	7	7	8	9	4	1	6	8
1362	2	5	5	7	9	9	4	2	4	10
1363	2	5	7	7	9	9	5	2	6	9
1364	1	6	7	6	8	8	4	2	7	9
1365	1	6	7	6	7	10	5	2	6	10
1366	1	4	7	7	7	7	5	2	5	8
1367	2	5	6	7	10	9	4	2	4	8
1368	1	5	6	6	9	7	5	2	5	8
1369	2	5	7	6	9	10	3	2	4	8
1370	2	5	7	7	10	10	4	2	4	9
1371	1	5	6	5	7	9	4	2	5	8
1372	2	5	7	6	10	8	6	2	6	8
1373	2	5	6	6	8	8	4	2	5	10
1374	2	5	7	6	8	10	4	2	5	10
1375	2	5	5	8	10	8	3	1	5	9
1376	2	5	5	7	9	9	3	1	4	10
1377	2	6	7	8	10	10	3	2	4	10
1378	1	5	7	8	7	8	5	1	6	9
1379	2	5	7	8	9	8	5	2	5	10
1380	2	6	6	5	10	10	4	2	5	10
1381	1	5	6	7	9	10	4	1	4	9
1382	1	6	8	7	10	7	3	2	5	8
1383	1	5	6	7	10	9	4	2	3	8
1384	2	5	7	7	8	10	5	2	7	8
1385	2	5	8	5	9	9	3	2	7	10
1386	1	5	5	8	9	7	3	1	5	10
1387	2	6	6	8	10	10	5	2	6	10
1388	2	5	6	7	10	8	5	2	5	10
1389	1	6	6	6	10	9	4	2	5	10
1390	2	5	6	7	10	10	4	2	5	9
1391	2	5	6	6	8	10	4	1	5	10
1392	1	4	6	6	10	9	6	2	7	9
1393	2	5	7	6	8	9	3	1	5	10
1394	2	5	6	8	10	8	5	2	6	10
1395	2	6	7	6	10	10	4	2	3	10
1396	2	5	8	6	10	8	4	2	4	9
1397	2	5	7	6	10	8	4	2	5	8
1398	1	5	8	7	10	9	4	2	6	9
1399	2	5	6	7	9	8	6	2	4	9
1400	2	5	6	8	9	9	3	2	5	9
1401	1	5	7	7	9	10	5	2	6	7
1402	2	5	6	6	10	10	4	2	5	10
1403	2	5	7	6	10	10	5	2	7	8
1404	1	5	6	6	8	7	5	2	6	8
1405	1	6	8	8	10	8	4	2	5	10
1406	1	5	7	5	9	9	4	2	5	10
1407	1	6	8	7	10	9	4	2	5	9
1408	1	5	7	6	8	8	5	2	4	10
1409	2	5	6	5	9	9	4	2	5	9
1410	1	5	7	8	9	9	5	2	5	10
1411	2	4	7	6	8	9	4	2	4	9
1412	1	5	5	7	9	9	4	1	6	10
1413	1	5	6	6	8	8	4	2	5	10
1414	2	5	6	6	10	6	4	2	5	9
1415	2	6	6	8	10	9	3	2	8	9
1416	2	5	5	8	10	8	4	3	6	10
1417	2	6	8	6	9	10	4	1	4	7
1418	2	5	5	7	10	8	4	2	4	8
1419	1	5	6	6	10	8	4	2	3	8
1420	1	5	6	7	9	10	4	2	5	8
1421	1	6	6	7	10	10	3	2	6	10
1422	2	5	6	7	7	9	4	2	6	10
1423	2	5	7	6	10	9	5	2	5	9
1424	1	6	5	5	10	9	5	2	5	8
1425	1	6	6	7	10	9	4	2	4	6
1426	2	5	7	7	9	9	4	2	3	8
1427	1	5	4	7	9	9	3	2	4	9
1428	2	5	7	7	9	9	5	2	5	9
1429	2	5	7	6	9	9	5	2	4	8
1430	2	5	6	6	10	10	5	1	5	10
1431	2	6	6	8	10	10	5	2	5	7
1432	2	5	6	7	10	9	5	2	5	10
1433	2	5	7	8	9	10	4	2	4	10
1434	1	5	7	7	9	8	3	2	5	7
1435	1	5	6	8	10	10	5	2	4	10
1436	1	6	8	7	10	10	4	2	5	7
1437	2	5	6	5	9	8	5	2	5	10
1438	1	5	8	6	10	10	5	2	5	10
1439	1	5	7	6	10	9	6	2	6	10
1440	1	6	5	6	9	8	4	2	5	9
1441	2	5	6	8	9	10	4	2	6	8
1442	1	6	6	6	9	9	5	2	6	6
1443	2	6	6	7	7	9	5	2	4	10
1444	1	5	7	8	9	7	3	2	4	10
1445	1	4	8	5	10	10	4	1	4	9
1446	2	5	6	6	8	9	5	2	6	9
1447	2	5	8	7	9	10	5	2	4	9
1448	2	5	6	5	10	9	5	2	6	8
1449	2	6	7	7	10	10	4	1	4	9
1450	1	5	6	6	8	10	3	1	4	8
1451	1	5	5	7	8	10	4	2	7	10
1452	2	5	8	5	9	8	6	2	5	7
1453	2	6	7	5	9	10	4	2	5	7
1454	2	5	6	8	9	9	4	2	4	10
1455	1	6	8	7	10	9	5	2	5	9
1456	2	5	6	7	8	9	4	2	6	9
1457	1	6	6	6	10	9	4	2	6	10
1458	1	6	6	6	10	10	5	2	5	10
1459	1	6	5	6	10	7	5	2	4	10
1460	1	5	6	6	10	10	4	1	5	9
1461	1	5	6	6	9	9	4	1	5	10
1462	1	5	6	7	8	8	4	2	5	9
1463	2	5	7	8	10	8	5	2	4	10
1464	1	6	5	7	10	9	5	2	5	10
1465	1	6	6	7	9	8	5	2	5	9
1466	1	5	5	8	8	8	4	1	6	9
1467	1	5	8	7	9	10	4	2	6	7
1468	2	6	8	7	10	8	5	2	5	9
1469	2	6	7	7	9	10	4	2	4	7
1470	2	5	6	7	10	9	5	2	4	8
1471	1	5	7	7	9	8	4	1	5	10
1472	2	6	6	7	9	10	4	2	4	9
1473	2	5	6	6	10	8	3	2	6	9
1474	1	4	5	5	9	10	4	2	4	10
1475	1	5	5	7	10	8	4	2	7	10
1476	1	5	6	6	8	9	3	2	5	10
1477	2	6	7	7	10	9	5	2	5	9
1478	2	5	6	8	10	10	6	2	7	9
1479	1	6	6	6	10	9	5	2	6	9
1480	1	5	5	6	6	10	5	2	6	10
1481	2	5	6	7	10	9	4	2	4	9
1482	1	5	6	6	10	9	4	2	6	10
1483	1	6	7	7	10	10	5	2	6	9
1484	2	5	6	6	9	10	4	2	7	9
1485	1	5	7	6	6	10	4	2	4	9
1486	1	6	7	7	9	10	4	2	4	9
1487	1	6	7	8	10	8	4	2	5	8
1488	1	5	7	7	10	8	4	1	5	10
1489	2	5	5	6	10	9	5	2	6	6
1490	1	5	7	8	9	9	5	2	5	8
1491	2	6	6	7	8	10	4	2	5	9
1492	1	5	6	8	9	10	5	2	5	10
1493	2	5	6	7	10	9	5	2	5	10
1494	1	6	7	6	10	10	4	1	7	10
1495	2	5	7	6	10	8	5	2	5	10
1496	1	5	6	5	10	9	4	2	6	9
1497	2	6	5	7	9	8	4	2	6	10
1498	1	6	7	6	10	10	4	2	6	7
1499	1	5	7	6	7	9	4	2	6	9
1500	3	4	5	6	10	10	5	2	6	6
1501	1	6	7	7	7	10	4	2	6	8
1502	2	6	7	7	9	10	5	2	5	7
1503	1	5	7	7	10	10	4	2	3	8
1504	2	6	7	7	10	10	3	2	5	10
1505	1	6	5	6	7	10	5	2	3	10
1506	2	5	6	7	10	8	3	2	5	8
1507	2	5	6	6	7	8	4	2	6	10
1508	1	5	5	7	10	10	5	2	4	6
1509	2	5	6	7	9	10	3	2	5	9
1510	1	5	8	6	7	8	3	2	6	10
1511	1	6	6	8	10	10	3	2	5	9
1512	1	5	6	7	8	8	4	2	5	5
1513	2	5	6	8	10	10	5	2	6	10
1514	2	5	6	8	10	9	5	1	6	9
1515	1	5	6	8	10	8	3	2	5	8
1516	2	5	6	6	8	9	5	2	5	10
1517	1	5	7	6	9	8	4	2	4	10
1518	2	5	7	8	10	8	3	2	5	10
1519	2	5	6	7	10	9	4	2	4	8
1520	2	6	6	8	7	10	5	2	5	9
1521	1	6	6	7	10	7	5	2	5	10
1522	2	5	7	6	10	9	4	2	6	10
1523	2	6	7	8	9	7	5	2	6	8
1524	2	5	5	6	10	9	4	2	6	9
1525	1	5	6	7	10	9	4	2	7	9
1526	2	5	6	6	10	10	4	2	5	10
1527	1	5	7	7	9	8	4	2	4	10
1528	1	5	7	7	9	9	4	2	5	10
1529	1	5	6	6	7	10	5	1	6	10
1530	1	4	6	6	9	9	5	2	6	9
1531	2	5	6	6	10	9	5	2	5	10
1532	2	5	8	8	7	10	4	2	5	8
1533	1	5	6	7	8	10	4	1	6	8
1534	1	5	6	7	7	10	4	2	5	9
1535	1	5	6	5	10	10	5	2	6	10
1536	1	5	7	7	10	10	3	3	6	9
1537	1	6	5	7	9	10	3	1	5	9
1538	1	5	7	6	10	7	4	2	6	9
1539	1	6	6	6	10	9	5	2	5	10
1540	2	5	7	6	9	9	5	2	4	9
1541	2	5	5	7	6	9	3	2	4	6
1542	1	5	5	5	10	8	3	2	4	10
1543	2	5	6	8	8	6	4	2	4	10
1544	1	6	6	5	9	9	4	2	6	10
1545	2	5	7	6	9	9	5	2	4	8
1546	2	5	6	6	10	10	4	1	5	8
1547	1	6	6	6	10	8	4	2	5	10
1548	1	6	6	5	10	10	4	2	5	9
1549	2	5	6	5	9	8	5	2	5	9
1550	2	5	6	7	9	8	4	2	6	10
1551	2	5	7	7	9	9	5	2	3	9
1552	2	5	5	7	10	8	3	2	7	6
1553	1	6	6	9	9	8	5	1	5	9
1554	2	5	8	8	10	7	5	2	4	10
1555	2	6	5	7	8	10	4	2	5	8
1556	2	6	7	6	9	9	5	1	4	10
1557	2	5	7	7	7	10	5	2	5	10
1558	1	6	7	7	10	9	5	1	6	8
1559	1	5	7	6	9	10	3	2	4	8
1560	1	6	6	7	8	10	4	1	3	8
1561	1	6	5	7	10	9	4	2	4	10
1562	1	6	5	7	7	10	4	2	5	10
1563	2	6	7	7	10	9	4	2	6	10
1564	2	5	6	6	10	9	4	2	4	8
1565	2	4	6	6	10	9	3	2	5	8
1566	2	5	7	8	7	7	4	2	5	9
1567	1	5	7	7	10	8	6	2	6	7
1568	2	5	6	5	8	10	5	2	6	7
1569	1	5	7	7	9	10	4	2	5	10
1570	1	5	7	6	9	9	4	2	5	9
1571	2	5	8	7	10	8	4	2	5	10
1572	1	5	6	6	9	10	4	2	6	10
1573	2	5	7	7	8	8	4	1	4	8
1574	2	6	8	7	8	8	4	3	5	7
1575	2	6	6	6	9	9	5	2	6	9
1576	2	6	7	6	10	8	3	1	7	9
1577	1	5	6	8	10	6	4	1	5	10
1578	1	5	5	7	10	10	6	2	6	9
1579	1	5	8	6	9	9	5	2	6	10
1580	2	5	5	7	9	10	5	2	5	10
1581	1	5	7	7	9	8	3	1	4	7
1582	1	5	7	7	10	9	4	2	6	7
1583	2	5	6	7	9	8	5	2	5	8
1584	2	5	5	7	9	7	6	2	5	7
1585	1	5	9	5	9	10	4	2	5	9
1586	2	6	7	6	10	9	4	2	4	8
1587	1	5	6	6	10	10	6	2	5	9
1588	2	5	6	6	7	10	4	2	7	8
1589	1	5	7	7	10	7	5	2	6	9
1590	2	5	7	7	7	8	3	2	6	8
1591	2	5	8	7	10	8	5	2	5	9
1592	2	5	7	6	10	10	4	2	5	7
1593	2	6	7	6	5	9	3	2	5	8
1594	1	4	7	7	10	8	4	2	4	8
1595	1	5	6	7	9	10	4	2	5	10
1596	1	6	6	6	9	10	3	2	5	8
1597	2	6	6	7	10	10	3	3	4	9
1598	1	6	5	6	10	9	5	2	6	9
1599	2	5	6	6	9	10	6	2	4	6
1600	1	6	6	6	10	8	5	2	6	10
1601	1	5	6	6	8	10	4	1	6	10
1602	1	5	6	6	6	8	4	2	5	8
1603	2	5	7	7	7	9	6	1	4	8
1604	1	5	7	5	10	10	4	2	6	8
1605	2	5	4	7	7	7	4	2	6	9
1606	1	5	7	7	10	7	6	2	5	10
1607	2	5	6	7	10	6	5	2	6	10
1608	1	5	7	6	10	10	5	2	5	6
1609	2	5	7	7	10	9	4	2	6	10
1610	1	5	6	8	10	9	6	2	6	9
1611	2	5	8	7	10	7	5	2	6	10
1612	2	5	5	6	10	8	4	1	4	9
1613	1	6	7	7	8	8	3	2	4	7
1614	1	6	6	6	10	10	5	2	4	8
1615	2	5	7	7	10	10	5	2	5	9
1616	2	5	5	7	9	10	4	2	5	9
1617	1	6	6	7	10	10	5	2	4	9
1618	1	6	5	8	10	10	4	2	5	7
1619	2	6	6	5	9	10	4	1	5	9
1620	2	5	7	6	10	10	4	1	4	10
1621	1	5	6	6	10	8	5	1	6	9
1622	2	6	5	5	7	8	5	2	4	9
1623	2	5	6	6	8	10	5	2	5	9
1624	2	5	7	6	9	8	5	1	4	10
1625	1	5	6	6	10	9	4	2	5	8
1626	2	5	7	7	10	10	3	1	4	9
1627	2	5	8	7	7	10	5	2	5	8
1628	1	5	7	6	8	7	4	1	4	9
1629	1	6	7	6	10	10	4	2	6	7
1630	1	5	7	8	8	10	4	2	5	9
1631	1	6	6	6	10	9	3	2	6	9
1632	1	6	6	6	10	8	3	2	4	8
1633	2	6	6	6	8	9	5	2	6	10
1634	1	5	6	6	8	8	4	2	4	8
1635	1	6	7	6	10	8	4	2	5	9
1636	1	5	5	7	8	9	4	2	4	9
1637	2	5	9	7	9	9	4	2	6	10
1638	1	6	7	6	10	10	4	1	5	8
1639	2	6	6	7	10	8	5	2	6	8
1640	2	5	7	6	9	8	5	2	6	8
1641	2	5	7	6	10	7	4	2	6	10
1642	1	5	7	8	8	8	5	2	5	7
1643	2	5	6	6	10	9	4	2	6	7
1644	3	6	7	8	10	8	4	2	4	9
1645	2	5	7	6	10	7	4	1	5	8
1646	1	5	5	8	9	10	4	1	5	7
1647	1	5	6	6	8	8	3	2	7	9
1648	1	5	7	6	10	10	5	2	6	9
1649	2	5	5	7	9	8	5	2	5	10
1650	2	5	9	7	7	9	4	1	3	8
1651	2	6	8	6	9	9	6	2	5	10
1652	2	6	5	7	10	9	5	2	6	8
1653	1	5	8	8	8	7	4	2	7	8
1654	1	5	7	6	9	9	5	1	4	7
1655	1	6	7	7	9	8	5	1	6	7
1656	1	5	7	5	8	10	5	1	6	7
1657	1	6	7	6	9	10	3	3	5	9
1658	2	5	8	8	10	8	4	2	5	9
1659	2	6	6	8	9	9	4	2	6	10
1660	2	6	6	7	10	10	4	2	4	10
1661	1	5	4	6	9	8	5	2	6	9
1662	1	5	7	7	8	7	4	2	4	10
1663	2	5	6	6	10	8	4	2	6	10
1664	2	5	6	7	7	10	4	2	4	10
1665	2	5	6	7	10	9	2	2	5	10
1666	2	5	5	6	7	8	5	2	6	8
1667	1	5	6	6	8	8	5	2	4	8
1668	1	6	7	6	9	7	4	2	5	8
1669	1	5	7	6	10	10	4	2	5	9
1670	2	4	7	5	10	9	5	1	5	9
1671	2	6	5	7	9	8	4	2	7	10
1672	2	6	6	7	8	10	4	2	4	8
1673	2	6	6	7	10	10	6	2	5	7
1674	1	6	5	7	10	8	4	2	5	8
1675	1	5	7	8	9	9	4	2	5	10
1676	2	5	6	7	9	10	5	1	4	10
1677	1	5	4	7	9	9	3	2	6	9
1678	1	5	7	6	10	10	4	2	6	10
1679	1	5	6	6	9	10	4	2	5	10
1680	2	6	6	8	9	10	5	2	6	10
1681	1	5	5	6	8	10	4	2	5	9
1682	1	5	5	7	8	9	4	1	5	8
1683	1	6	6	8	5	8	5	2	5	10
1684	1	5	8	8	10	9	5	2	5	10
1685	1	6	8	8	10	7	4	2	6	9
1686	2	6	6	6	10	10	4	2	5	10
1687	2	5	8	7	9	9	5	2	5	9
1688	1	6	7	6	10	10	3	2	5	7
1689	2	5	6	7	8	10	4	2	6	9
1690	2	5	7	6	10	10	5	2	6	10
1691	2	6	8	7	10	8	5	2	6	9
1692	2	5	7	7	10	6	4	2	5	10
1693	2	6	8	7	9	9	4	2	5	8
1694	1	5	6	7	9	8	5	2	5	8
1695	1	6	6	7	9	9	5	2	5	8
1696	2	5	7	7	7	10	4	2	5	10
1697	2	6	6	6	10	9	4	2	6	10
1698	1	5	5	7	9	8	3	2	4	9
1699	1	5	8	7	7	9	5	2	7	8
1700	1	5	6	7	9	8	5	2	6	9
1701	2	5	7	6	9	10	3	2	4	9
1702	1	5	6	8	10	10	5	2	4	8
1703	2	6	7	7	10	7	4	2	6	10
1704	2	6	7	7	10	8	5	2	6	8
1705	1	5	7	6	10	10	4	1	4	9
1706	2	5	8	7	7	10	4	1	6	8
1707	3	5	8	6	10	9	5	2	5	8
1708	1	5	5	7	10	10	4	2	7	9
1709	1	5	6	7	10	10	4	2	7	10
1710	1	5	7	7	10	8	5	2	6	10
1711	2	6	7	5	10	10	4	2	5	10
1712	1	6	6	7	10	10	5	2	4	10
1713	2	6	7	6	8	8	5	2	4	9
1714	1	5	6	7	9	7	4	2	6	8
1715	1	5	6	8	10	8	6	2	5	10
1716	1	5	7	8	9	5	4	2	4	10
1717	2	6	7	6	10	9	4	2	4	10
1718	2	6	6	5	10	10	5	2	5	8
1719	2	5	5	7	7	9	3	2	5	10
1720	2	5	7	7	10	9	4	2	5	8
1721	1	6	5	6	9	9	4	2	4	7
1722	1	6	6	6	10	9	5	2	4	10
1723	1	6	6	7	10	10	4	2	8	7
1724	2	5	7	7	10	10	3	2	4	10
1725	1	5	6	6	10	9	4	2	5	8
1726	2	5	5	8	10	8	4	2	4	8
1727	2	6	9	5	10	9	3	2	4	10
1728	1	5	7	7	8	9	4	2	6	8
1729	1	5	6	7	10	8	5	2	5	10
1730	2	5	5	5	5	9	4	2	7	8
1731	2	5	7	7	9	8	4	2	7	7
1732	2	5	6	6	7	7	5	1	5	8
1733	2	5	5	8	10	8	5	2	5	9
1734	1	5	5	7	8	8	5	1	6	9
1735	2	7	7	6	9	10	5	2	5	8
1736	1	6	6	6	10	9	6	2	5	10
1737	1	5	8	9	10	9	5	2	5	10
1738	2	5	7	5	10	8	4	1	6	8
1739	2	5	5	6	10	10	4	1	4	9
1740	1	5	7	7	10	10	5	2	4	9
1741	1	6	7	6	6	8	4	2	4	10
1742	1	5	6	6	10	10	3	3	6	9
1743	1	6	6	8	7	10	4	2	5	8
1744	2	4	5	8	10	9	5	1	4	9
1745	1	6	7	6	10	9	5	2	6	9
1746	2	5	6	7	10	8	4	2	6	9
1747	2	5	5	7	8	10	5	2	5	10
1748	2	5	6	6	8	10	4	2	6	10
1749	1	5	6	8	10	10	4	2	5	9
1750	1	5	6	6	9	9	4	2	6	7
1751	2	5	6	6	10	8	5	2	6	8
1752	2	5	6	7	10	10	6	2	6	8
1753	2	6	7	7	10	10	5	2	4	10
1754	2	5	8	7	10	9	4	2	5	10
1755	1	6	7	7	9	9	5	2	5	7
1756	1	6	6	7	7	8	4	2	4	8
1757	2	5	5	7	7	8	4	2	6	7
1758	1	5	6	5	6	8	5	2	6	9
1759	1	5	7	6	10	8	4	2	4	9
1760	1	6	6	7	9	10	4	2	6	8
1761	1	6	6	9	10	7	4	2	5	9
1762	2	5	8	6	8	9	4	2	6	8
1763	2	6	6	5	8	10	4	1	4	9
1764	1	5	7	7	9	7	4	2	7	9
1765	1	5	9	7	10	10	5	2	6	9
1766	2	6	8	7	8	10	5	2	3	8
1767	1	5	7	7	10	8	6	2	4	10
1768	1	5	6	7	10	8	5	2	4	10
1769	2	5	7	6	6	8	4	1	3	6
1770	1	4	6	7	8	8	5	2	4	10
1771	2	5	5	6	8	9	5	2	4	7
1772	2	6	7	6	10	9	5	2	5	8
1773	2	5	7	7	9	7	4	2	5	9
1774	1	6	7	7	10	10	5	2	5	6
1775	1	5	8	6	10	9	5	2	3	9
1776	1	5	8	6	10	7	4	3	6	9
1777	1	5	6	7	8	9	4	2	5	9
1778	1	4	6	6	10	10	5	2	7	7
1779	1	5	6	7	10	10	3	2	6	10
1780	1	5	8	7	10	10	4	2	5	10
1781	2	5	7	5	10	9	5	2	7	9
1782	1	6	5	7	10	10	5	2	5	10
1783	2	5	6	7	10	8	7	2	5	10
1784	1	6	8	6	8	9	6	2	6	9
1785	1	6	5	7	8	10	4	2	4	8
1786	1	5	7	7	10	10	4	2	5	10
1787	1	6	6	6	9	8	5	1	6	9
1788	2	5	7	7	6	9	4	2	5	10
1789	2	5	5	6	10	7	6	2	6	10
1790	1	6	6	6	9	9	4	2	5	10
1791	1	5	5	8	10	6	6	1	5	6
1792	2	5	7	6	10	10	4	2	6	9
1793	2	6	6	6	10	10	4	1	7	10
1794	2	6	7	7	10	9	2	2	7	8
1795	2	5	6	7	9	8	5	2	5	8
1796	2	5	6	7	10	8	4	1	4	9
1797	1	5	8	8	10	8	4	2	5	9
1798	2	5	5	8	8	10	5	2	4	10
1799	1	6	7	6	9	7	4	2	4	9
1800	2	5	7	7	10	10	5	1	4	9
1801	1	6	6	6	10	6	4	2	5	10
1802	2	6	6	7	10	10	5	2	6	10
1803	1	5	6	7	9	9	4	2	5	7
1804	2	6	5	6	9	9	4	2	5	9
1805	2	5	6	7	10	9	4	1	6	10
1806	2	6	5	8	10	9	5	2	5	7
1807	2	6	6	7	10	10	5	2	7	7
1808	2	6	7	7	10	9	5	2	5	10
1809	2	5	8	7	9	9	5	2	5	10
1810	1	5	6	8	9	10	4	2	5	6
1811	2	6	7	6	9	7	5	2	5	9
1812	1	5	7	6	10	7	5	2	6	8
1813	1	5	5	6	8	9	5	2	6	9
1814	2	5	7	7	8	8	5	2	4	8
1815	2	5	6	7	8	9	4	2	5	7
1816	2	5	7	7	10	8	3	2	7	7
1817	1	5	7	8	6	10	4	2	4	8
1818	1	6	5	8	10	9	4	2	5	10
1819	2	5	6	6	8	10	4	2	6	9
1820	2	5	6	6	7	8	5	2	5	10
1821	1	5	8	7	10	10	5	2	5	8
1822	2	5	6	7	9	10	4	2	4	9
1823	2	6	5	8	9	9	4	2	4	9
1824	2	5	6	7	10	10	3	2	7	10
1825	1	5	7	6	8	10	5	2	6	10
1826	1	5	4	6	9	10	4	2	5	10
1827	2	5	7	6	10	10	3	2	4	10
1828	1	6	6	7	9	10	5	2	5	8
1829	1	5	5	7	9	7	4	2	5	10
1830	2	5	7	7	10	10	5	2	5	10
1831	2	5	9	6	10	10	4	2	6	8
1832	2	6	7	7	10	8	5	2	4	9
1833	2	5	5	7	8	10	5	1	4	9
1834	1	5	7	7	10	9	5	2	5	9
1835	1	5	7	7	9	10	3	2	4	9
1836	2	5	7	7	10	8	3	2	7	9
1837	2	6	8	7	10	9	6	2	4	10
1838	1	6	4	6	6	9	4	2	4	10
1839	1	5	6	7	10	8	5	2	5	7
1840	1	5	7	7	10	9	5	1	4	10
1841	2	5	6	7	5	7	5	2	4	10
1842	2	5	6	6	10	8	4	2	6	10
1843	2	5	6	5	9	9	4	2	5	9
1844	2	6	7	7	10	8	4	2	6	10
1845	2	5	6	8	9	10	5	1	6	10
1846	2	6	6	7	8	9	5	1	5	8
1847	1	6	7	6	9	10	5	1	5	9
1848	2	6	7	6	8	8	4	2	5	10
1849	1	5	6	6	10	8	5	2	5	9
1850	1	5	7	6	9	9	5	2	4	10
1851	2	5	6	6	8	10	3	1	7	7
1852	2	5	7	7	10	10	4	1	6	9
1853	1	6	6	6	7	10	5	2	6	6
1854	1	5	6	7	10	8	4	1	5	8
1855	2	6	7	7	9	8	4	2	6	10
1856	1	6	7	6	10	8	5	2	5	9
1857	1	6	6	6	10	9	3	2	6	10
1858	1	4	8	7	10	8	4	2	5	10
1859	1	5	8	6	9	8	4	2	7	9
1860	2	5	4	6	8	8	5	2	5	10
1861	2	5	5	7	9	10	5	2	6	7
1862	1	6	7	7	7	8	4	1	4	10
1863	2	5	6	7	6	8	5	2	6	10
1864	2	5	7	6	9	9	4	2	5	6
1865	1	6	7	7	10	9	5	2	6	10
1866	2	5	7	7	9	10	4	2	6	9
1867	1	4	5	5	10	9	5	2	6	7
1868	1	5	6	6	9	10	4	2	4	5
1869	2	5	7	6	10	10	4	2	7	7
1870	1	5	6	7	9	8	5	2	5	9
1871	1	6	6	6	7	8	3	2	5	10
1872	2	5	8	6	10	8	4	2	4	8
1873	2	6	8	7	7	9	4	2	6	8
1874	1	6	6	7	9	9	4	2	4	8
1875	1	6	7	7	9	10	5	2	4	10
1876	2	5	8	7	7	7	5	2	5	8
1877	1	5	6	6	9	10	3	2	6	8
1878	2	5	7	6	10	9	5	2	4	8
1879	2	5	7	6	7	9	5	2	4	9
1880	2	6	9	6	8	9	5	2	5	7
1881	2	5	6	5	7	10	4	1	4	9
1882	2	5	7	5	9	9	5	2	5	8
1883	2	5	6	6	8	9	5	2	6	10
1884	2	5	5	8	10	9	5	2	6	9
1885	2	6	6	7	10	7	5	2	4	10
1886	1	5	5	7	7	9	4	2	5	9
1887	2	5	6	6	9	7	3	2	6	10
1888	2	5	7	6	8	10	4	2	5	9
1889	2	4	5	8	10	8	4	1	5	9
1890	2	5	6	7	10	9	5	1	6	10
1891	2	5	7	6	9	9	4	2	4	10
1892	2	6	6	6	10	9	4	2	5	8
1893	1	5	6	8	9	8	3	2	5	10
1894	1	5	6	7	8	10	4	2	5	10
1895	1	6	7	8	7	10	6	2	3	10
1896	2	5	8	5	10	7	6	1	6	10
1897	1	5	6	6	10	8	5	2	6	7
1898	2	6	7	6	10	10	5	2	6	8
1899	1	5	8	6	9	10	4	2	5	7
1900	1	6	7	6	9	7	4	1	5	8
1901	2	5	4	7	10	10	4	2	5	8
1902	2	5	7	6	10	9	4	2	5	8
1903	2	5	7	7	10	10	4	2	4	9
1904	2	5	6	7	9	9	5	2	6	9
1905	1	5	7	7	10	10	4	2	4	9
1906	2	5	8	7	9	10	4	2	5	9
1907	1	6	6	8	10	8	4	2	7	8
1908	1	6	6	5	10	8	5	2	5	8
1909	2	6	5	8	9	8	5	2	6	9
1910	1	5	8	8	10	8	3	2	6	9
1911	1	5	6	7	10	8	3	2	4	10
1912	1	6	7	8	9	8	4	1	8	7
1913	1	6	6	7	10	10	4	2	6	8
1914	2	5	7	7	9	9	5	1	5	9
1915	1	6	6	7	9	10	5	1	4	10
1916	1	5	6	7	9	9	4	2	4	10
1917	1	6	6	6	10	7	5	2	5	7
1918	2	5	7	6	10	9	4	2	5	10
1919	1	5	6	7	9	8	3	2	5	9
1920	2	6	7	6	10	10	5	2	4	8
1921	1	5	6	7	10	10	4	2	4	8
1922	2	5	6	6	10	10	5	2	5	8
1923	1	6	7	6	10	10	4	2	5	10
1924	1	5	6	7	10	9	4	2	5	7
1925	2	5	7	7	10	9	4	2	6	10
1926	2	6	5	6	10	7	4	2	4	10
1927	1	6	6	7	7	9	5	2	6	8
1928	2	5	7	8	10	10	5	2	7	7
1929	1	5	6	7	9	10	4	2	6	8
1930	2	5	6	6	10	8	4	2	5	10
1931	1	5	7	6	9	10	4	2	6	8
1932	2	5	6	7	9	8	4	2	6	8
1933	3	5	6	7	10	8	5	2	6	9
1934	1	5	5	6	10	10	6	1	5	10
1935	1	6	7	7	10	9	4	1	5	9
1936	1	5	6	6	10	9	4	2	4	7
1937	1	5	6	7	9	10	6	2	5	10
1938	1	5	8	7	10	10	5	2	5	10
1939	2	5	6	7	9	7	5	2	5	10
1940	1	6	7	8	10	9	4	2	5	10
1941	1	5	7	5	9	7	5	2	6	8
1942	2	5	7	7	8	8	4	2	4	6
1943	2	5	6	7	9	8	3	2	6	8
1944	1	5	7	7	8	8	5	2	5	7
1945	1	5	7	5	10	10	4	1	6	8
1946	2	6	6	6	10	8	4	2	4	9
1947	1	6	8	7	9	8	5	2	5	9
1948	2	5	6	7	9	8	5	2	4	9
1949	2	5	7	7	8	9	5	2	6	10
1950	2	5	6	7	9	9	3	1	5	9
1951	2	5	5	5	10	8	4	2	6	8
1952	1	6	5	6	9	8	4	2	7	10
1953	2	6	6	6	10	9	4	2	3	7
1954	1	5	7	9	8	9	4	2	6	8
1955	2	5	8	7	10	10	4	1	6	10
1956	2	5	6	6	10	10	5	2	5	9
1957	2	5	7	7	8	7	5	2	6	8
1958	2	5	7	7	8	10	4	2	5	7
1959	2	5	7	6	10	9	4	2	3	10
1960	1	4	6	7	10	10	5	2	4	9
1961	1	5	6	7	10	10	4	2	2	10
1962	2	5	8	7	9	10	5	2	4	8
1963	1	4	6	7	8	9	3	2	5	9
1964	2	6	6	6	10	10	5	1	7	9
1965	1	5	6	6	10	9	5	2	5	10
1966	1	6	7	7	10	9	4	2	5	8
1967	2	5	7	6	10	10	4	2	5	10
1968	1	5	6	7	10	10	4	2	5	10
1969	2	6	6	8	8	9	3	2	6	8
1970	2	5	5	5	10	10	4	2	5	8
1971	2	5	6	7	10	9	5	2	5	7
1972	1	6	6	7	9	9	5	2	5	9
1973	2	5	6	7	10	10	4	2	4	9
1974	1	6	6	7	8	9	4	2	5	9
1975	2	5	6	6	10	7	4	2	5	9
1976	2	5	5	6	10	8	3	2	5	8
1977	1	5	7	7	10	9	5	1	7	7
1978	1	5	6	8	9	9	5	1	5	10
1979	1	5	5	7	10	10	4	1	5	8
1980	1	5	7	6	9	8	4	1	5	8
1981	1	5	8	6	9	8	4	2	5	8
1982	2	6	7	7	8	10	4	1	7	10
1983	2	6	7	7	9	10	4	2	3	8
1984	2	5	6	6	10	8	4	2	4	8
1985	2	6	6	6	9	9	3	2	5	8
1986	1	6	6	8	10	10	4	2	5	7
1987	1	5	7	6	10	10	4	1	5	9
1988	2	5	7	6	10	10	4	2	6	9
1989	2	5	6	6	9	10	3	2	4	8
1990	1	5	6	7	9	8	5	2	5	10
1991	2	5	7	8	7	10	4	2	4	8
1992	2	5	6	7	10	10	5	2	4	10
1993	1	5	6	7	10	6	4	2	5	9
1994	2	5	7	8	10	10	3	2	6	10
1995	1	5	8	6	10	9	3	2	4	10
1996	2	6	7	6	10	10	4	2	5	8
1997	1	5	6	8	10	10	5	2	6	9
1998	1	5	6	7	10	9	4	2	3	10
1999	2	5	6	7	10	10	4	2	7	9
2000	1	5	8	8	9	9	5	2	5	9
