"VERB"	"DECADE"	"verbs"	"nouns"	"freq"	"skewedness"
"1"	"ACCOUNT"	1860	40.17	140.73	180.9	-100.56
"2"	"ACCOUNT"	1870	42.34	143.79	186.13	-101.45
"3"	"ACCOUNT"	1880	40.24	127.63	167.87	-87.39
"4"	"ACCOUNT"	1890	37.95	117.4	155.35	-79.45
"5"	"ACCOUNT"	1900	36.78	126.75	163.53	-89.97
"6"	"ACCOUNT"	1910	31.43	110.35	141.78	-78.92
"7"	"ACCOUNT"	1920	32.22	100.58	132.8	-68.36
"8"	"ACCOUNT"	1930	30.39	106.34	136.73	-75.95
"9"	"ACCOUNT"	1940	26.88	76.99	103.87	-50.11
"10"	"ACCOUNT"	1950	26.31	76.11	102.42	-49.8
"11"	"ACCOUNT"	1960	33.31	86.09	119.4	-52.78
"12"	"ACCOUNT"	1970	31.13	88.48	119.61	-57.35
"13"	"ACCOUNT"	1980	37.85	104.37	142.22	-66.52
"14"	"ACCOUNT"	1990	35.73	94.45	130.18	-58.72
"15"	"ACCOUNT"	2000	30.56	83.24	113.8	-52.68
"16"	"ACT"	1860	152.58	205.78	358.36	-53.2
"17"	"ACT"	1870	154.75	186.94	341.69	-32.19
"18"	"ACT"	1880	157.19	199.59	356.78	-42.4
"19"	"ACT"	1890	137.04	173.77	310.81	-36.73
"20"	"ACT"	1900	127.46	146.8	274.26	-19.34
"21"	"ACT"	1910	133.13	139.66	272.79	-6.53
"22"	"ACT"	1920	138.46	159.41	297.87	-20.95
"23"	"ACT"	1930	134.89	197.88	332.77	-62.99
"24"	"ACT"	1940	135.35	159	294.35	-23.65
"25"	"ACT"	1950	143.08	148	291.08	-4.92
"26"	"ACT"	1960	137.96	135.41	273.37	2.55
"27"	"ACT"	1970	132.27	155.83	288.1	-23.56
"28"	"ACT"	1980	126.61	138.37	264.98	-11.76
"29"	"ACT"	1990	105.35	134.84	240.19	-29.49
"30"	"ACT"	2000	100.92	113.6	214.52	-12.68
"31"	"ADDRESS"	1860	81.58	39.77	121.35	41.81
"32"	"ADDRESS"	1870	69.96	39.01	108.97	30.95
"33"	"ADDRESS"	1880	63.38	37.23	100.61	26.15
"34"	"ADDRESS"	1890	64.01	43.48	107.49	20.53
"35"	"ADDRESS"	1900	60.64	47.96	108.6	12.68
"36"	"ADDRESS"	1910	56.41	44.67	101.08	11.74
"37"	"ADDRESS"	1920	50.8	49.74	100.54	1.06
"38"	"ADDRESS"	1930	48.78	51.28	100.06	-2.5
"39"	"ADDRESS"	1940	39.55	46.14	85.69	-6.59
"40"	"ADDRESS"	1950	41.56	42.22	83.78	-0.66
"41"	"ADDRESS"	1960	43.51	39.12	82.63	4.39
"42"	"ADDRESS"	1970	36.64	42.49	79.13	-5.85
"43"	"ADDRESS"	1980	47.62	32.81	80.43	14.81
"44"	"ADDRESS"	1990	58.22	38.71	96.93	19.51
"45"	"ADDRESS"	2000	59.36	46.24	105.6	13.12
"46"	"ANSWER"	1860	290.57	98.74	389.31	191.83
"47"	"ANSWER"	1870	301.93	104.3	406.23	197.63
"48"	"ANSWER"	1880	305.47	99.94	405.41	205.53
"49"	"ANSWER"	1890	308.5	100.22	408.72	208.28
"50"	"ANSWER"	1900	340.66	117.61	458.27	223.05
"51"	"ANSWER"	1910	282.01	116.66	398.67	165.35
"52"	"ANSWER"	1920	246.84	108.61	355.45	138.23
"53"	"ANSWER"	1930	190.1	105.52	295.62	84.58
"54"	"ANSWER"	1940	187.45	129.22	316.67	58.23
"55"	"ANSWER"	1950	175.34	137.8	313.14	37.54
"56"	"ANSWER"	1960	162.49	133.53	296.02	28.96
"57"	"ANSWER"	1970	166.52	120.87	287.39	45.65
"58"	"ANSWER"	1980	147.03	122.09	269.12	24.94
"59"	"ANSWER"	1990	142.73	116.08	258.81	26.65
"60"	"ANSWER"	2000	139.11	114.66	253.77	24.45
"61"	"APPROACH"	1860	106.69	38.72	145.41	67.97
"62"	"APPROACH"	1870	106.66	37.88	144.54	68.78
"63"	"APPROACH"	1880	87.39	29.42	116.81	57.97
"64"	"APPROACH"	1890	87.66	34.37	122.03	53.29
"65"	"APPROACH"	1900	79.5	28.04	107.54	51.46
"66"	"APPROACH"	1910	83.69	26.75	110.44	56.94
"67"	"APPROACH"	1920	76.31	28.79	105.1	47.52
"68"	"APPROACH"	1930	73.08	28.06	101.14	45.02
"69"	"APPROACH"	1940	65.61	36.32	101.93	29.29
"70"	"APPROACH"	1950	70.21	56.89	127.1	13.32
"71"	"APPROACH"	1960	76.77	66.99	143.76	9.78
"72"	"APPROACH"	1970	79.05	67.48	146.53	11.57
"73"	"APPROACH"	1980	83.84	73.79	157.63	10.05
"74"	"APPROACH"	1990	76.84	88.78	165.62	-11.94
"75"	"APPROACH"	2000	85.11	87.82	172.93	-2.71
"76"	"ATTACK"	1860	48.41	72.29	120.7	-23.88
"77"	"ATTACK"	1870	55.88	77.27	133.15	-21.39
"78"	"ATTACK"	1880	40.2	56.01	96.21	-15.81
"79"	"ATTACK"	1890	47.4	67.51	114.91	-20.11
"80"	"ATTACK"	1900	50.31	59.27	109.58	-8.96
"81"	"ATTACK"	1910	53.59	89.47	143.06	-35.88
"82"	"ATTACK"	1920	53.84	66.6	120.44	-12.76
"83"	"ATTACK"	1930	53.91	85.69	139.6	-31.78
"84"	"ATTACK"	1940	72.85	129.59	202.44	-56.74
"85"	"ATTACK"	1950	60.05	115.25	175.3	-55.2
"86"	"ATTACK"	1960	61.64	114.22	175.86	-52.58
"87"	"ATTACK"	1970	55.74	96.47	152.21	-40.73
"88"	"ATTACK"	1980	63.23	112.04	175.27	-48.81
"89"	"ATTACK"	1990	43.55	70.67	114.22	-27.12
"90"	"ATTACK"	2000	50.65	117.57	168.22	-66.92
"91"	"ATTEMPT"	1860	82.28	94.71	176.99	-12.43
"92"	"ATTEMPT"	1870	78.4	99.73	178.13	-21.33
"93"	"ATTEMPT"	1880	65.01	96.15	161.16	-31.14
"94"	"ATTEMPT"	1890	65.52	92.05	157.57	-26.53
"95"	"ATTEMPT"	1900	63.22	82.78	146	-19.56
"96"	"ATTEMPT"	1910	64.4	89.29	153.69	-24.89
"97"	"ATTEMPT"	1920	66.32	96.48	162.8	-30.16
"98"	"ATTEMPT"	1930	59.68	81.84	141.52	-22.16
"99"	"ATTEMPT"	1940	51.77	80.31	132.08	-28.54
"100"	"ATTEMPT"	1950	47.34	79.6	126.94	-32.26
"101"	"ATTEMPT"	1960	50.23	84.5	134.73	-34.27
"102"	"ATTEMPT"	1970	53.05	89.11	142.16	-36.06
"103"	"ATTEMPT"	1980	46.98	86.26	133.24	-39.28
"104"	"ATTEMPT"	1990	40.68	69.16	109.84	-28.48
"105"	"ATTEMPT"	2000	36.53	58.38	94.91	-21.85
"106"	"BACK"	1860	11.74	145.93	157.67	-134.19
"107"	"BACK"	1870	10.59	168.56	179.15	-157.97
"108"	"BACK"	1880	12.84	180.67	193.51	-167.83
"109"	"BACK"	1890	13.97	188.17	202.14	-174.2
"110"	"BACK"	1900	19.3	233.84	253.14	-214.54
"111"	"BACK"	1910	24.59	289.07	313.66	-264.48
"112"	"BACK"	1920	29.45	335.67	365.12	-306.22
"113"	"BACK"	1930	31.62	317.74	349.36	-286.12
"114"	"BACK"	1940	42.54	338.96	381.5	-296.42
"115"	"BACK"	1950	47.34	316.87	364.21	-269.53
"116"	"BACK"	1960	47.77	330.95	378.72	-283.18
"117"	"BACK"	1970	47.37	353.86	401.23	-306.49
"118"	"BACK"	1980	49.05	346.28	395.33	-297.23
"119"	"BACK"	1990	48.68	436.84	485.52	-388.16
"120"	"BACK"	2000	53.26	456.42	509.68	-403.16
"121"	"BATTLE"	1860	10.28	154.16	164.44	-143.88
"122"	"BATTLE"	1870	9.19	112.36	121.55	-103.17
"123"	"BATTLE"	1880	5.75	97.78	103.53	-92.03
"124"	"BATTLE"	1890	6.94	115.8	122.74	-108.86
"125"	"BATTLE"	1900	5.81	82.6	88.41	-76.79
"126"	"BATTLE"	1910	6.89	106.6	113.49	-99.71
"127"	"BATTLE"	1920	8.11	78.88	86.99	-70.77
"128"	"BATTLE"	1930	7.54	81.6	89.14	-74.06
"129"	"BATTLE"	1940	10.4	143.14	153.54	-132.74
"130"	"BATTLE"	1950	9.59	96.07	105.66	-86.48
"131"	"BATTLE"	1960	8.07	85.38	93.45	-77.31
"132"	"BATTLE"	1970	7.74	81.7	89.44	-73.96
"133"	"BATTLE"	1980	10.45	108.62	119.07	-98.17
"134"	"BATTLE"	1990	10.01	70.7	80.71	-60.69
"135"	"BATTLE"	2000	12.86	91.42	104.28	-78.56
"136"	"BLOW"	1860	75.04	66.98	142.02	8.06
"137"	"BLOW"	1870	69.48	64	133.48	5.48
"138"	"BLOW"	1880	63.96	55.91	119.87	8.05
"139"	"BLOW"	1890	70.81	60.42	131.23	10.39
"140"	"BLOW"	1900	67.79	56.87	124.66	10.92
"141"	"BLOW"	1910	85.19	53.32	138.51	31.87
"142"	"BLOW"	1920	80.87	52.9	133.77	27.97
"143"	"BLOW"	1930	91.71	47.52	139.23	44.19
"144"	"BLOW"	1940	99.9	49.33	149.23	50.57
"145"	"BLOW"	1950	95.66	41.4	137.06	54.26
"146"	"BLOW"	1960	86.93	36.11	123.04	50.82
"147"	"BLOW"	1970	89.06	30.75	119.81	58.31
"148"	"BLOW"	1980	85.87	33.44	119.31	52.43
"149"	"BLOW"	1990	95.27	22.96	118.23	72.31
"150"	"BLOW"	2000	101.16	27.51	128.67	73.65
"151"	"CALL"	1860	647.35	64.29	711.64	583.06
"152"	"CALL"	1870	691.56	68.67	760.23	622.89
"153"	"CALL"	1880	693.2	70.33	763.53	622.87
"154"	"CALL"	1890	704.61	74.78	779.39	629.83
"155"	"CALL"	1900	697.7	79.19	776.89	618.51
"156"	"CALL"	1910	677.33	87.97	765.3	589.36
"157"	"CALL"	1920	705.2	84.03	789.23	621.17
"158"	"CALL"	1930	702.32	79.55	781.87	622.77
"159"	"CALL"	1940	704.09	81.55	785.64	622.54
"160"	"CALL"	1950	759.89	92.71	852.6	667.18
"161"	"CALL"	1960	809.81	111.25	921.06	698.56
"162"	"CALL"	1970	817.1	125.83	942.93	691.27
"163"	"CALL"	1980	792.61	123.04	915.65	669.57
"164"	"CALL"	1990	833.62	125.91	959.53	707.71
"165"	"CALL"	2000	846.96	148.44	995.4	698.52
"166"	"CARE"	1860	126.54	190.66	317.2	-64.12
"167"	"CARE"	1870	151.32	168.99	320.31	-17.67
"168"	"CARE"	1880	158	161.31	319.31	-3.31
"169"	"CARE"	1890	157.62	148.09	305.71	9.53
"170"	"CARE"	1900	161.3	130.25	291.55	31.05
"171"	"CARE"	1910	157.98	125.84	283.82	32.14
"172"	"CARE"	1920	138.03	103.27	241.3	34.76
"173"	"CARE"	1930	116.62	112.97	229.59	3.65
"174"	"CARE"	1940	107.23	112.28	219.51	-5.05
"175"	"CARE"	1950	108.12	103.2	211.32	4.92
"176"	"CARE"	1960	111.04	108.33	219.37	2.71
"177"	"CARE"	1970	117.04	115.74	232.78	1.3
"178"	"CARE"	1980	117.16	112.87	230.03	4.29
"179"	"CARE"	1990	122.61	191.84	314.45	-69.23
"180"	"CARE"	2000	135.04	151.7	286.74	-16.66
"181"	"CAUSE"	1860	116.03	275.91	391.94	-159.88
"182"	"CAUSE"	1870	126.49	209.4	335.89	-82.91
"183"	"CAUSE"	1880	124.76	190.01	314.77	-65.25
"184"	"CAUSE"	1890	110.28	191.66	301.94	-81.38
"185"	"CAUSE"	1900	125.15	164.99	290.14	-39.84
"186"	"CAUSE"	1910	126.68	167.78	294.46	-41.1
"187"	"CAUSE"	1920	142.51	140.21	282.72	2.3
"188"	"CAUSE"	1930	129.85	104.45	234.3	25.4
"189"	"CAUSE"	1940	130.13	112.49	242.62	17.64
"190"	"CAUSE"	1950	126.98	94.15	221.13	32.83
"191"	"CAUSE"	1960	138.71	98.67	237.38	40.04
"192"	"CAUSE"	1970	145.86	115.23	261.09	30.63
"193"	"CAUSE"	1980	163.11	101.31	264.42	61.8
"194"	"CAUSE"	1990	145.6	83.37	228.97	62.23
"195"	"CAUSE"	2000	149.63	83.18	232.81	66.45
"196"	"CHANGE"	1860	161.52	197.55	359.07	-36.03
"197"	"CHANGE"	1870	177.32	192.48	369.8	-15.16
"198"	"CHANGE"	1880	163.8	193.27	357.07	-29.47
"199"	"CHANGE"	1890	169.28	197.04	366.32	-27.76
"200"	"CHANGE"	1900	160.2	179.63	339.83	-19.43
"201"	"CHANGE"	1910	171.09	186.71	357.8	-15.62
"202"	"CHANGE"	1920	177.35	176.14	353.49	1.21
"203"	"CHANGE"	1930	198.33	208.78	407.11	-10.45
"204"	"CHANGE"	1940	200.58	180.54	381.12	20.04
"205"	"CHANGE"	1950	206.29	197.68	403.97	8.61
"206"	"CHANGE"	1960	244.86	222.29	467.15	22.57
"207"	"CHANGE"	1970	238.12	202.61	440.73	35.51
"208"	"CHANGE"	1980	270.94	227.45	498.39	43.49
"209"	"CHANGE"	1990	287.04	228.64	515.68	58.4
"210"	"CHANGE"	2000	278.36	199.29	477.65	79.07
"211"	"CHARGE"	1860	55.18	126.31	181.49	-71.13
"212"	"CHARGE"	1870	54.7	106.72	161.42	-52.02
"213"	"CHARGE"	1880	53.75	116.18	169.93	-62.43
"214"	"CHARGE"	1890	51.6	114.62	166.22	-63.02
"215"	"CHARGE"	1900	55.99	120.4	176.39	-64.41
"216"	"CHARGE"	1910	49.79	111.1	160.89	-61.31
"217"	"CHARGE"	1920	66.32	131.47	197.79	-65.15
"218"	"CHARGE"	1930	79.79	152.17	231.96	-72.38
"219"	"CHARGE"	1940	78.15	126.12	204.27	-47.97
"220"	"CHARGE"	1950	84.23	136.57	220.8	-52.34
"221"	"CHARGE"	1960	84.92	150.95	235.87	-66.03
"222"	"CHARGE"	1970	78.93	124.36	203.29	-45.43
"223"	"CHARGE"	1980	77.45	123.52	200.97	-46.07
"224"	"CHARGE"	1990	52.73	87.45	140.18	-34.72
"225"	"CHARGE"	2000	51.73	81.48	133.21	-29.75
"226"	"CLAIM"	1860	91.5	84.09	175.59	7.41
"227"	"CLAIM"	1870	86.46	97.31	183.77	-10.85
"228"	"CLAIM"	1880	87.19	81.45	168.64	5.74
"229"	"CLAIM"	1890	72.51	78.55	151.06	-6.04
"230"	"CLAIM"	1900	66.5	61.4	127.9	5.1
"231"	"CLAIM"	1910	60.12	56.1	116.22	4.02
"232"	"CLAIM"	1920	65.23	66.17	131.4	-0.94
"233"	"CLAIM"	1930	59.27	47.8	107.07	11.47
"234"	"CLAIM"	1940	66.27	41.96	108.23	24.31
"235"	"CLAIM"	1950	68.78	45.95	114.73	22.83
"236"	"CLAIM"	1960	83.38	49.36	132.74	34.02
"237"	"CLAIM"	1970	94.74	57.93	152.67	36.81
"238"	"CLAIM"	1980	115.61	58.34	173.95	57.27
"239"	"CLAIM"	1990	106.68	60.84	167.52	45.84
"240"	"CLAIM"	2000	97.93	49.53	147.46	48.4
"241"	"CLOSE"	1860	126.54	33.28	159.82	93.26
"242"	"CLOSE"	1870	131.7	35.63	167.33	96.07
"243"	"CLOSE"	1880	127.82	29.8	157.62	98.02
"244"	"CLOSE"	1890	139.68	31.86	171.54	107.82
"245"	"CLOSE"	1900	146.13	23.2	169.33	122.93
"246"	"CLOSE"	1910	156.65	19.82	176.47	136.83
"247"	"CLOSE"	1920	196.31	26.88	223.19	169.43
"248"	"CLOSE"	1930	197.07	16.02	213.09	181.05
"249"	"CLOSE"	1940	191.56	10.73	202.29	180.83
"250"	"CLOSE"	1950	172.47	8.07	180.54	164.4
"251"	"CLOSE"	1960	182.84	4.85	187.69	177.99
"252"	"CLOSE"	1970	180.53	6.65	187.18	173.88
"253"	"CLOSE"	1980	188.29	6	194.29	182.29
"254"	"CLOSE"	1990	198.12	4.84	202.96	193.28
"255"	"CLOSE"	2000	200.21	4.04	204.25	196.17
"256"	"CONTROL"	1860	48.23	43.5	91.73	4.73
"257"	"CONTROL"	1870	51.42	50.19	101.61	1.23
"258"	"CONTROL"	1880	54.86	59.69	114.55	-4.83
"259"	"CONTROL"	1890	55.42	63.16	118.58	-7.74
"260"	"CONTROL"	1900	55.32	77.46	132.78	-22.14
"261"	"CONTROL"	1910	63.43	99.05	162.48	-35.62
"262"	"CONTROL"	1920	71.98	134.87	206.85	-62.89
"263"	"CONTROL"	1930	77.5	165.36	242.86	-87.86
"264"	"CONTROL"	1940	81.88	192.92	274.8	-111.04
"265"	"CONTROL"	1950	83.69	187.68	271.37	-103.99
"266"	"CONTROL"	1960	94.37	220.91	315.28	-126.54
"267"	"CONTROL"	1970	88.77	200.85	289.62	-112.08
"268"	"CONTROL"	1980	97.1	201.12	298.22	-104.02
"269"	"CONTROL"	1990	88.14	183.3	271.44	-95.16
"270"	"CONTROL"	2000	67.88	151.05	218.93	-83.17
"271"	"COVER"	1860	130.86	30.13	160.99	100.73
"272"	"COVER"	1870	147.39	32.83	180.22	114.56
"273"	"COVER"	1880	147.22	27.55	174.77	119.67
"274"	"COVER"	1890	133.74	27.66	161.4	106.08
"275"	"COVER"	1900	138.9	37.31	176.21	101.59
"276"	"COVER"	1910	143.63	37.65	181.28	105.98
"277"	"COVER"	1920	148.91	44.08	192.99	104.83
"278"	"COVER"	1930	149.47	39.32	188.79	110.15
"279"	"COVER"	1940	147.16	44.19	191.35	102.97
"280"	"COVER"	1950	140.67	46.07	186.74	94.6
"281"	"COVER"	1960	144.02	59.39	203.41	84.63
"282"	"COVER"	1970	148.43	58.6	207.03	89.83
"283"	"COVER"	1980	159.9	59.45	219.35	100.45
"284"	"COVER"	1990	188.5	66.86	255.36	121.64
"285"	"COVER"	2000	189.15	68.59	257.74	120.56
"286"	"CROSS"	1860	83.5	53.37	136.87	30.13
"287"	"CROSS"	1870	118.86	68.08	186.94	50.78
"288"	"CROSS"	1880	89.54	45.94	135.48	43.6
"289"	"CROSS"	1890	98	41.35	139.35	56.65
"290"	"CROSS"	1900	112.19	51.77	163.96	60.42
"291"	"CROSS"	1910	103.42	50.32	153.74	53.1
"292"	"CROSS"	1920	109.55	53.17	162.72	56.38
"293"	"CROSS"	1930	101.79	43.42	145.21	58.37
"294"	"CROSS"	1940	110.46	52.85	163.31	57.61
"295"	"CROSS"	1950	106.85	71.36	178.21	35.49
"296"	"CROSS"	1960	93.78	46.18	139.96	47.6
"297"	"CROSS"	1970	91.88	36.52	128.4	55.36
"298"	"CROSS"	1980	80.94	34.27	115.21	46.67
"299"	"CROSS"	1990	89.39	38.49	127.88	50.9
"300"	"CROSS"	2000	91.52	37.92	129.44	53.6
"301"	"CRY"	1860	199.77	89.34	289.11	110.43
"302"	"CRY"	1870	249.27	105.21	354.48	144.06
"303"	"CRY"	1880	230.63	87.24	317.87	143.39
"304"	"CRY"	1890	246.14	98.28	344.42	147.86
"305"	"CRY"	1900	300.52	98.4	398.92	202.12
"306"	"CRY"	1910	289.03	90.27	379.3	198.76
"307"	"CRY"	1920	239.07	84.31	323.38	154.76
"308"	"CRY"	1930	189.04	62.3	251.34	126.74
"309"	"CRY"	1940	170.64	62.25	232.89	108.39
"310"	"CRY"	1950	174.11	54.55	228.66	119.56
"311"	"CRY"	1960	137.2	52.87	190.07	84.33
"312"	"CRY"	1970	122.34	53.18	175.52	69.16
"313"	"CRY"	1980	129.99	51.11	181.1	78.88
"314"	"CRY"	1990	123.43	54.96	178.39	68.47
"315"	"CRY"	2000	101.73	52.38	154.11	49.35
"316"	"CUT"	1860	141.55	21.61	163.16	119.94
"317"	"CUT"	1870	146.37	21.55	167.92	124.82
"318"	"CUT"	1880	167.44	27.98	195.42	139.46
"319"	"CUT"	1890	138.22	22.38	160.6	115.84
"320"	"CUT"	1900	172.75	37.04	209.79	135.71
"321"	"CUT"	1910	171	31.65	202.65	139.35
"322"	"CUT"	1920	168.03	36.48	204.51	131.55
"323"	"CUT"	1930	236.31	56.12	292.43	180.19
"324"	"CUT"	1940	225.1	67.76	292.86	157.34
"325"	"CUT"	1950	218.7	60.46	279.16	158.24
"326"	"CUT"	1960	251.09	51.61	302.7	199.48
"327"	"CUT"	1970	280.74	72.32	353.06	208.42
"328"	"CUT"	1980	255.33	73	328.33	182.33
"329"	"CUT"	1990	249.7	61.84	311.54	187.86
"330"	"CUT"	2000	244.44	61.57	306.01	182.87
"331"	"DANCE"	1860	36.67	29.37	66.04	7.3
"332"	"DANCE"	1870	28.8	25.2	54	3.6
"333"	"DANCE"	1880	30.81	26.69	57.5	4.12
"334"	"DANCE"	1890	34.46	41.12	75.58	-6.66
"335"	"DANCE"	1900	36.11	37.93	74.04	-1.82
"336"	"DANCE"	1910	37.21	42.24	79.45	-5.03
"337"	"DANCE"	1920	42.76	55.98	98.74	-13.22
"338"	"DANCE"	1930	47.8	59.56	107.36	-11.76
"339"	"DANCE"	1940	40.34	43.74	84.08	-3.4
"340"	"DANCE"	1950	44.76	58.69	103.45	-13.93
"341"	"DANCE"	1960	36.82	48.02	84.84	-11.2
"342"	"DANCE"	1970	31.13	43.21	74.34	-12.08
"343"	"DANCE"	1980	42.73	49.21	91.94	-6.48
"344"	"DANCE"	1990	45.2	64.6	109.8	-19.4
"345"	"DANCE"	2000	42.37	61.64	104.01	-19.27
"346"	"DEAL"	1860	44.96	50.69	95.65	-5.73
"347"	"DEAL"	1870	66.68	71.79	138.47	-5.11
"348"	"DEAL"	1880	72.97	79.72	152.69	-6.75
"349"	"DEAL"	1890	75.06	69.68	144.74	5.38
"350"	"DEAL"	1900	82.07	63.26	145.33	18.81
"351"	"DEAL"	1910	83.6	66.74	150.34	16.86
"352"	"DEAL"	1920	83.18	64.92	148.1	18.26
"353"	"DEAL"	1930	84.13	113.91	198.04	-29.78
"354"	"DEAL"	1940	80.23	94.18	174.41	-13.95
"355"	"DEAL"	1950	88.57	83.65	172.22	4.92
"356"	"DEAL"	1960	94.58	77.94	172.52	16.64
"357"	"DEAL"	1970	111.24	82	193.24	29.24
"358"	"DEAL"	1980	118.39	91.58	209.97	26.81
"359"	"DEAL"	1990	103.74	106.32	210.06	-2.58
"360"	"DEAL"	2000	97.63	105.46	203.09	-7.83
"361"	"DEMAND"	1860	88.58	67.68	156.26	20.9
"362"	"DEMAND"	1870	91.24	80.33	171.57	10.91
"363"	"DEMAND"	1880	83.89	77.56	161.45	6.33
"364"	"DEMAND"	1890	90.31	85.68	175.99	4.63
"365"	"DEMAND"	1900	119.03	76.08	195.11	42.95
"366"	"DEMAND"	1910	141.29	93.53	234.82	47.76
"367"	"DEMAND"	1920	130.38	101.55	231.93	28.83
"368"	"DEMAND"	1930	101.38	113.3	214.68	-11.92
"369"	"DEMAND"	1940	89.38	118.66	208.04	-29.28
"370"	"DEMAND"	1950	92.38	80.83	173.21	11.55
"371"	"DEMAND"	1960	78.28	108.24	186.52	-29.96
"372"	"DEMAND"	1970	77.12	94.66	171.78	-17.54
"373"	"DEMAND"	1980	70.77	77.49	148.26	-6.72
"374"	"DEMAND"	1990	52.87	58.04	110.91	-5.17
"375"	"DEMAND"	2000	50.41	55.12	105.53	-4.71
"376"	"DESIGN"	1860	28.55	64.47	93.02	-35.92
"377"	"DESIGN"	1870	27.94	53.84	81.78	-25.9
"378"	"DESIGN"	1880	23.38	46.71	70.09	-23.33
"379"	"DESIGN"	1890	22.75	47.07	69.82	-24.32
"380"	"DESIGN"	1900	18.37	37.44	55.81	-19.07
"381"	"DESIGN"	1910	25.69	48.47	74.16	-22.78
"382"	"DESIGN"	1920	33.43	64.84	98.27	-31.41
"383"	"DESIGN"	1930	44.65	48.33	92.98	-3.68
"384"	"DESIGN"	1940	58.98	63.45	122.43	-4.47
"385"	"DESIGN"	1950	65	45.66	110.66	19.34
"386"	"DESIGN"	1960	68.79	51.2	119.99	17.59
"387"	"DESIGN"	1970	70.55	67.44	137.99	3.11
"388"	"DESIGN"	1980	81.73	74.35	156.08	7.38
"389"	"DESIGN"	1990	94.02	99.51	193.53	-5.49
"390"	"DESIGN"	2000	86.74	94.34	181.08	-7.6
"391"	"DESIRE"	1860	109.9	98.28	208.18	11.62
"392"	"DESIRE"	1870	97.9	118.64	216.54	-20.74
"393"	"DESIRE"	1880	102.91	106.6	209.51	-3.69
"394"	"DESIRE"	1890	92.76	104.52	197.28	-11.76
"395"	"DESIRE"	1900	83.54	107.71	191.25	-24.17
"396"	"DESIRE"	1910	72.08	113.26	185.34	-41.18
"397"	"DESIRE"	1920	67.65	106.97	174.62	-39.32
"398"	"DESIRE"	1930	47.92	83.6	131.52	-35.68
"399"	"DESIRE"	1940	38.68	72.98	111.66	-34.3
"400"	"DESIRE"	1950	27.01	62.5	89.51	-35.49
"401"	"DESIRE"	1960	25.03	68.04	93.07	-43.01
"402"	"DESIRE"	1970	23.05	59.87	82.92	-36.82
"403"	"DESIRE"	1980	19.3	61.8	81.1	-42.5
"404"	"DESIRE"	1990	18.47	57.39	75.86	-38.92
"405"	"DESIRE"	2000	18.42	55.56	73.98	-37.14
"406"	"DOUBT"	1860	96.17	108.79	204.96	-12.62
"407"	"DOUBT"	1870	87.75	104.35	192.1	-16.6
"408"	"DOUBT"	1880	80.87	111.58	192.45	-30.71
"409"	"DOUBT"	1890	70.01	99.32	169.33	-29.31
"410"	"DOUBT"	1900	63.75	92.59	156.34	-28.84
"411"	"DOUBT"	1910	55.48	87.75	143.23	-32.27
"412"	"DOUBT"	1920	53.37	83.64	137.01	-30.27
"413"	"DOUBT"	1930	46.78	66.56	113.34	-19.78
"414"	"DOUBT"	1940	43.24	66.47	109.71	-23.23
"415"	"DOUBT"	1950	47.13	69.02	116.15	-21.89
"416"	"DOUBT"	1960	49.65	71.09	120.74	-21.44
"417"	"DOUBT"	1970	49.01	62.48	111.49	-13.47
"418"	"DOUBT"	1980	44.12	56.08	100.2	-11.96
"419"	"DOUBT"	1990	30.06	41.93	71.99	-11.87
"420"	"DOUBT"	2000	33.14	41.62	74.76	-8.48
"421"	"DREAM"	1860	61.78	122.57	184.35	-60.79
"422"	"DREAM"	1870	61.79	110.32	172.11	-48.53
"423"	"DREAM"	1880	63.05	112.68	175.73	-49.63
"424"	"DREAM"	1890	59.91	102.01	161.92	-42.1
"425"	"DREAM"	1900	60.42	109.67	170.09	-49.25
"426"	"DREAM"	1910	54.87	99.54	154.41	-44.67
"427"	"DREAM"	1920	52.39	90.94	143.33	-38.55
"428"	"DREAM"	1930	39.04	75.12	114.16	-36.08
"429"	"DREAM"	1940	43.49	81.18	124.67	-37.69
"430"	"DREAM"	1950	40.82	86.56	127.38	-45.74
"431"	"DREAM"	1960	43.21	92.82	136.03	-49.61
"432"	"DREAM"	1970	47.16	109.09	156.25	-61.93
"433"	"DREAM"	1980	46.35	118.23	164.58	-71.88
"434"	"DREAM"	1990	54.78	137.17	191.95	-82.39
"435"	"DREAM"	2000	50.75	134.33	185.08	-83.58
"436"	"DRESS"	1860	71.07	107.21	178.28	-36.14
"437"	"DRESS"	1870	80.44	127.99	208.43	-47.55
"438"	"DRESS"	1880	69.42	96.82	166.24	-27.4
"439"	"DRESS"	1890	70.86	80.77	151.63	-9.91
"440"	"DRESS"	1900	73.78	82.69	156.47	-8.91
"441"	"DRESS"	1910	69.79	74.51	144.3	-4.72
"442"	"DRESS"	1920	76.78	76.89	153.67	-0.11
"443"	"DRESS"	1930	76.27	99.95	176.22	-23.68
"444"	"DRESS"	1940	78.24	114.52	192.76	-36.28
"445"	"DRESS"	1950	85.13	88.16	173.29	-3.03
"446"	"DRESS"	1960	78.23	79.2	157.43	-0.97
"447"	"DRESS"	1970	84.48	69.84	154.32	14.64
"448"	"DRESS"	1980	82.17	73.24	155.41	8.93
"449"	"DRESS"	1990	88.64	86.31	174.95	2.33
"450"	"DRESS"	2000	94.71	83.01	177.72	11.7
"451"	"DRINK"	1860	68.38	31.71	100.09	36.67
"452"	"DRINK"	1870	65.61	31.65	97.26	33.96
"453"	"DRINK"	1880	68.17	36.84	105.01	31.33
"454"	"DRINK"	1890	63.82	41.45	105.27	22.37
"455"	"DRINK"	1900	64.42	39.57	103.99	24.85
"456"	"DRINK"	1910	59.54	43.61	103.15	15.93
"457"	"DRINK"	1920	71.32	61.25	132.57	10.07
"458"	"DRINK"	1930	94.13	89.46	183.59	4.67
"459"	"DRINK"	1940	102.47	114.48	216.95	-12.01
"460"	"DRINK"	1950	106.32	117.06	223.38	-10.74
"461"	"DRINK"	1960	88.81	114.47	203.28	-25.66
"462"	"DRINK"	1970	96.6	123.1	219.7	-26.5
"463"	"DRINK"	1980	89.28	88.05	177.33	1.23
"464"	"DRINK"	1990	100.33	86.41	186.74	13.92
"465"	"DRINK"	2000	93.83	83.45	177.28	10.38
"466"	"DRIVE"	1860	164.32	12.91	177.23	151.41
"467"	"DRIVE"	1870	199.41	21.01	220.42	178.4
"468"	"DRIVE"	1880	164.42	18.49	182.91	145.93
"469"	"DRIVE"	1890	172.26	18.17	190.43	154.09
"470"	"DRIVE"	1900	170.18	20.98	191.16	149.2
"471"	"DRIVE"	1910	182.47	28.34	210.81	154.13
"472"	"DRIVE"	1920	186.29	32.19	218.48	154.1
"473"	"DRIVE"	1930	199.69	53.78	253.47	145.91
"474"	"DRIVE"	1940	213.59	62.37	275.96	151.22
"475"	"DRIVE"	1950	201.65	56.97	258.62	144.68
"476"	"DRIVE"	1960	211.89	59.18	271.07	152.71
"477"	"DRIVE"	1970	223.52	46.4	269.92	177.12
"478"	"DRIVE"	1980	205.37	47.22	252.59	158.15
"479"	"DRIVE"	1990	251.82	67.15	318.97	184.67
"480"	"DRIVE"	2000	250.07	77.38	327.45	172.69
"481"	"EFFECT"	1860	47.36	213.08	260.44	-165.72
"482"	"EFFECT"	1870	41.21	220.31	261.52	-179.1
"483"	"EFFECT"	1880	30.61	215.3	245.91	-184.69
"484"	"EFFECT"	1890	26.11	198.32	224.43	-172.21
"485"	"EFFECT"	1900	24.93	188.14	213.07	-163.21
"486"	"EFFECT"	1910	23.88	199.07	222.95	-175.19
"487"	"EFFECT"	1920	22.9	200.53	223.43	-177.63
"488"	"EFFECT"	1930	23.18	207.43	230.61	-184.25
"489"	"EFFECT"	1940	15.37	186.63	202	-171.26
"490"	"EFFECT"	1950	11.6	187.51	199.11	-175.91
"491"	"EFFECT"	1960	11.87	190.11	201.98	-178.24
"492"	"EFFECT"	1970	8.83	201.44	210.27	-192.61
"493"	"EFFECT"	1980	6.08	177.81	183.89	-171.73
"494"	"EFFECT"	1990	5.09	166.01	171.1	-160.92
"495"	"EFFECT"	2000	4.17	145.53	149.7	-141.36
"496"	"END"	1860	96	313.52	409.52	-217.52
"497"	"END"	1870	101.02	351.42	452.44	-250.4
"498"	"END"	1880	93.09	326.98	420.07	-233.89
"499"	"END"	1890	102.63	358.72	461.35	-256.09
"500"	"END"	1900	108.07	393.01	501.08	-284.94
"501"	"END"	1910	100.59	395.49	496.08	-294.9
"502"	"END"	1920	108.92	380.53	489.45	-271.61
"503"	"END"	1930	119.65	401.99	521.64	-282.34
"504"	"END"	1940	124.5	399.26	523.76	-274.76
"505"	"END"	1950	139.72	414.74	554.46	-275.02
"506"	"END"	1960	144.98	391.3	536.28	-246.32
"507"	"END"	1970	152.76	382.09	534.85	-229.33
"508"	"END"	1980	166.21	371.58	537.79	-205.37
"509"	"END"	1990	164.18	362.84	527.02	-198.66
"510"	"END"	2000	179.41	366.59	546	-187.18
"511"	"EXPERIENCE"	1860	37.08	131.15	168.23	-94.07
"512"	"EXPERIENCE"	1870	31.97	148.9	180.87	-116.93
"513"	"EXPERIENCE"	1880	26.59	144.69	171.28	-118.1
"514"	"EXPERIENCE"	1890	28.75	150.68	179.43	-121.93
"515"	"EXPERIENCE"	1900	29.81	161.04	190.85	-131.23
"516"	"EXPERIENCE"	1910	27.98	182.69	210.67	-154.71
"517"	"EXPERIENCE"	1920	31.25	157.5	188.75	-126.25
"518"	"EXPERIENCE"	1930	26.42	133.7	160.12	-107.28
"519"	"EXPERIENCE"	1940	27.79	139.37	167.16	-111.58
"520"	"EXPERIENCE"	1950	30.17	150.13	180.3	-119.96
"521"	"EXPERIENCE"	1960	32.01	132.94	164.95	-100.93
"522"	"EXPERIENCE"	1970	41.73	146.24	187.97	-104.51
"523"	"EXPERIENCE"	1980	41.46	132.89	174.35	-91.43
"524"	"EXPERIENCE"	1990	55.82	153.39	209.21	-97.57
"525"	"EXPERIENCE"	2000	67.47	164.01	231.48	-96.54
"526"	"FACE"	1860	41.46	655.47	696.93	-614.01
"527"	"FACE"	1870	55.61	729.66	785.27	-674.05
"528"	"FACE"	1880	59.46	658.65	718.11	-599.19
"529"	"FACE"	1890	73.36	658.39	731.75	-585.03
"530"	"FACE"	1900	99.46	699.43	798.89	-599.97
"531"	"FACE"	1910	110.61	652.52	763.13	-541.91
"532"	"FACE"	1920	124.92	592.26	717.18	-467.34
"533"	"FACE"	1930	146.27	636.29	782.56	-490.02
"534"	"FACE"	1940	148.73	636	784.73	-487.27
"535"	"FACE"	1950	167.59	560.94	728.53	-393.35
"536"	"FACE"	1960	159.48	568.12	727.6	-408.64
"537"	"FACE"	1970	159.53	546.04	705.57	-386.51
"538"	"FACE"	1980	166.65	534.73	701.38	-368.08
"539"	"FACE"	1990	157.08	570.64	727.72	-413.56
"540"	"FACE"	2000	171.24	574.91	746.15	-403.67
"541"	"FALL"	1860	453.66	83.85	537.51	369.81
"542"	"FALL"	1870	442.12	82.27	524.39	359.85
"543"	"FALL"	1880	392.66	77.18	469.84	315.48
"544"	"FALL"	1890	411.5	75.29	486.79	336.21
"545"	"FALL"	1900	378.82	74.88	453.7	303.94
"546"	"FALL"	1910	356.03	68.06	424.09	287.97
"547"	"FALL"	1920	348	91.25	439.25	256.75
"548"	"FALL"	1930	335.97	103.43	439.4	232.54
"549"	"FALL"	1940	312.78	76	388.78	236.78
"550"	"FALL"	1950	292.07	86.11	378.18	205.96
"551"	"FALL"	1960	296.6	87.89	384.49	208.71
"552"	"FALL"	1970	288.94	84.39	373.33	204.55
"553"	"FALL"	1980	330.32	90.63	420.95	239.69
"554"	"FALL"	1990	329.66	102.48	432.14	227.18
"555"	"FALL"	2000	335.59	101.05	436.64	234.54
"556"	"FEAR"	1860	141.14	137.52	278.66	3.62
"557"	"FEAR"	1870	134.55	128.91	263.46	5.64
"558"	"FEAR"	1880	121.21	121.21	242.42	0
"559"	"FEAR"	1890	115.75	120.28	236.03	-4.53
"560"	"FEAR"	1900	107	116.36	223.36	-9.36
"561"	"FEAR"	1910	83.6	114.54	198.14	-30.94
"562"	"FEAR"	1920	86.3	120.32	206.62	-34.02
"563"	"FEAR"	1930	72.5	101.79	174.29	-29.29
"564"	"FEAR"	1940	68.59	113.4	181.99	-44.81
"565"	"FEAR"	1950	62.01	106.44	168.45	-44.43
"566"	"FEAR"	1960	68.04	107.78	175.82	-39.74
"567"	"FEAR"	1970	82.38	108.08	190.46	-25.7
"568"	"FEAR"	1980	80.66	119.39	200.05	-38.73
"569"	"FEAR"	1990	59.3	101.44	160.74	-42.14
"570"	"FEAR"	2000	62.72	104.04	166.76	-41.32
"571"	"FIGHT"	1860	126.31	62.89	189.2	63.42
"572"	"FIGHT"	1870	98.98	61.2	160.18	37.78
"573"	"FIGHT"	1880	100.42	65.64	166.06	34.78
"574"	"FIGHT"	1890	122.97	83.7	206.67	39.27
"575"	"FIGHT"	1900	135.4	90.55	225.95	44.85
"576"	"FIGHT"	1910	171.97	115.91	287.88	56.06
"577"	"FIGHT"	1920	170.57	126.25	296.82	44.32
"578"	"FIGHT"	1930	162.82	110.8	273.62	52.02
"579"	"FIGHT"	1940	239.27	137.38	376.65	101.89
"580"	"FIGHT"	1950	196.41	117.1	313.51	79.31
"581"	"FIGHT"	1960	153.17	87.51	240.68	65.66
"582"	"FIGHT"	1970	149.35	88.39	237.74	60.96
"583"	"FIGHT"	1980	160.33	78.16	238.49	82.17
"584"	"FIGHT"	1990	129.89	64.5	194.39	65.39
"585"	"FIGHT"	2000	153.19	78.7	231.89	74.49
"586"	"FORCE"	1860	101.02	272.99	374.01	-171.97
"587"	"FORCE"	1870	109.67	259.8	369.47	-150.13
"588"	"FORCE"	1880	96.82	232.31	329.13	-135.49
"589"	"FORCE"	1890	101.78	250.53	352.31	-148.75
"590"	"FORCE"	1900	113.61	209.66	323.27	-96.05
"591"	"FORCE"	1910	120.06	230.67	350.73	-110.61
"592"	"FORCE"	1920	121.02	192.92	313.94	-71.9
"593"	"FORCE"	1930	119.57	201.16	320.73	-81.59
"594"	"FORCE"	1940	120.94	338.79	459.73	-217.85
"595"	"FORCE"	1950	118.49	339.7	458.19	-221.21
"596"	"FORCE"	1960	121.28	335.84	457.12	-214.56
"597"	"FORCE"	1970	133.66	272.24	405.9	-138.58
"598"	"FORCE"	1980	138.13	290.4	428.53	-152.27
"599"	"FORCE"	1990	112.39	187.89	300.28	-75.5
"600"	"FORCE"	2000	115.95	189.01	304.96	-73.06
"601"	"FORM"	1860	218.63	297.05	515.68	-78.42
"602"	"FORM"	1870	201.56	269.85	471.41	-68.29
"603"	"FORM"	1880	173.05	290.19	463.24	-117.14
"604"	"FORM"	1890	173.82	265.82	439.64	-92
"605"	"FORM"	1900	164.68	276.69	441.37	-112.01
"606"	"FORM"	1910	145.09	265.19	410.28	-120.1
"607"	"FORM"	1920	133.78	228.5	362.28	-94.72
"608"	"FORM"	1930	121.12	254.9	376.02	-133.78
"609"	"FORM"	1940	113.57	186.54	300.11	-72.97
"610"	"FORM"	1950	117.8	196	313.8	-78.2
"611"	"FORM"	1960	130.89	186.89	317.78	-56
"612"	"FORM"	1970	105.77	190.58	296.35	-84.81
"613"	"FORM"	1980	119.94	195.68	315.62	-75.74
"614"	"FORM"	1990	117.55	179.61	297.16	-62.06
"615"	"FORM"	2000	102.78	145.59	248.37	-42.81
"616"	"GLANCE"	1860	55.3	80.88	136.18	-25.58
"617"	"GLANCE"	1870	61.15	96.78	157.93	-35.63
"618"	"GLANCE"	1880	70.95	82.55	153.5	-11.6
"619"	"GLANCE"	1890	60.19	87.43	147.62	-27.24
"620"	"GLANCE"	1900	81.81	95.78	177.59	-13.97
"621"	"GLANCE"	1910	81.66	92.21	173.87	-10.55
"622"	"GLANCE"	1920	71.43	71.04	142.47	0.39
"623"	"GLANCE"	1930	85.04	57.47	142.51	27.57
"624"	"GLANCE"	1940	84.62	53.59	138.21	31.03
"625"	"GLANCE"	1950	83.53	45.91	129.44	37.62
"626"	"GLANCE"	1960	74.85	40.58	115.43	34.27
"627"	"GLANCE"	1970	76.11	39.29	115.4	36.82
"628"	"GLANCE"	1980	86.34	37.57	123.91	48.77
"629"	"GLANCE"	1990	78.67	33.43	112.1	45.24
"630"	"GLANCE"	2000	111.47	41.55	153.02	69.92
"631"	"GUARD"	1860	38.6	56.82	95.42	-18.22
"632"	"GUARD"	1870	37.02	57.55	94.57	-20.53
"633"	"GUARD"	1880	35.4	46.23	81.63	-10.83
"634"	"GUARD"	1890	36.59	59.72	96.31	-23.13
"635"	"GUARD"	1900	34.07	59.4	93.47	-25.33
"636"	"GUARD"	1910	32.75	76.98	109.73	-44.23
"637"	"GUARD"	1920	30.43	81.23	111.66	-50.8
"638"	"GUARD"	1930	30.64	94.83	125.47	-64.19
"639"	"GUARD"	1940	28.62	89.88	118.5	-61.26
"640"	"GUARD"	1950	26.97	110.13	137.1	-83.16
"641"	"GUARD"	1960	25.12	100.89	126.01	-75.77
"642"	"GUARD"	1970	25.5	95.88	121.38	-70.38
"643"	"GUARD"	1980	26.85	111.92	138.77	-85.07
"644"	"GUARD"	1990	22.56	76.48	99.04	-53.92
"645"	"GUARD"	2000	25.37	95.97	121.34	-70.6
"646"	"HEAD"	1860	18.39	556.14	574.53	-537.75
"647"	"HEAD"	1870	16.66	573.07	589.73	-556.41
"648"	"HEAD"	1880	16.96	549.76	566.72	-532.8
"649"	"HEAD"	1890	21.76	546.7	568.46	-524.94
"650"	"HEAD"	1900	24.8	582.44	607.24	-557.64
"651"	"HEAD"	1910	35.62	580	615.62	-544.38
"652"	"HEAD"	1920	49.78	583.95	633.73	-534.17
"653"	"HEAD"	1930	56.32	623.72	680.04	-567.4
"654"	"HEAD"	1940	75.34	660.98	736.32	-585.64
"655"	"HEAD"	1950	90.91	603.16	694.07	-512.25
"656"	"HEAD"	1960	93.24	588.81	682.05	-495.57
"657"	"HEAD"	1970	95.75	604.01	699.76	-508.26
"658"	"HEAD"	1980	110.73	594.11	704.84	-483.38
"659"	"HEAD"	1990	118.09	659.35	777.44	-541.26
"660"	"HEAD"	2000	139.55	678.3	817.85	-538.75
"661"	"HELP"	1860	221.95	62.25	284.2	159.7
"662"	"HELP"	1870	263.62	68.03	331.65	195.59
"663"	"HELP"	1880	253.3	69.61	322.91	183.69
"664"	"HELP"	1890	265.3	69.82	335.12	195.48
"665"	"HELP"	1900	273.23	69.07	342.3	204.16
"666"	"HELP"	1910	323.9	80.69	404.59	243.21
"667"	"HELP"	1920	293.34	74.44	367.78	218.9
"668"	"HELP"	1930	296.77	70.95	367.72	225.82
"669"	"HELP"	1940	340.78	89.92	430.7	250.86
"670"	"HELP"	1950	365.72	102.88	468.6	262.84
"671"	"HELP"	1960	365.51	100.84	466.35	264.67
"672"	"HELP"	1970	373.13	102.57	475.7	270.56
"673"	"HELP"	1980	422.65	104.37	527.02	318.28
"674"	"HELP"	1990	476.77	101.91	578.68	374.86
"675"	"HELP"	2000	523.59	109.4	632.99	414.19
"676"	"HOLD"	1860	495.76	56.88	552.64	438.88
"677"	"HOLD"	1870	503.38	56.69	560.07	446.69
"678"	"HOLD"	1880	525.75	60.51	586.26	465.24
"679"	"HOLD"	1890	528.53	61.7	590.23	466.83
"680"	"HOLD"	1900	551.48	54.66	606.14	496.82
"681"	"HOLD"	1910	560.53	63.91	624.44	496.62
"682"	"HOLD"	1920	601.82	56.76	658.58	545.06
"683"	"HOLD"	1930	632.94	51.69	684.63	581.25
"684"	"HOLD"	1940	617.28	49.74	667.02	567.54
"685"	"HOLD"	1950	590.33	43.9	634.23	546.43
"686"	"HOLD"	1960	560.85	35.61	596.46	525.24
"687"	"HOLD"	1970	572.55	38.75	611.3	533.8
"688"	"HOLD"	1980	550.3	37.89	588.19	512.41
"689"	"HOLD"	1990	567.67	43.66	611.33	524.01
"690"	"HOLD"	2000	548.96	39.11	588.07	509.85
"691"	"HOPE"	1860	256.99	264.7	521.69	-7.71
"692"	"HOPE"	1870	243.9	202.52	446.42	41.38
"693"	"HOPE"	1880	224.07	187.66	411.73	36.41
"694"	"HOPE"	1890	214.6	183.92	398.52	30.68
"695"	"HOPE"	1900	191.65	137.3	328.95	54.35
"696"	"HOPE"	1910	215.84	140.41	356.25	75.43
"697"	"HOPE"	1920	204.94	133.03	337.97	71.91
"698"	"HOPE"	1930	198.95	112.11	311.06	86.84
"699"	"HOPE"	1940	208.08	128.02	336.1	80.06
"700"	"HOPE"	1950	222.68	114.72	337.4	107.96
"701"	"HOPE"	1960	224.59	114.26	338.85	110.33
"702"	"HOPE"	1970	217	105.68	322.68	111.32
"703"	"HOPE"	1980	217.28	101.63	318.91	115.65
"704"	"HOPE"	1990	192.52	90.36	282.88	102.16
"705"	"HOPE"	2000	213.44	95.15	308.59	118.29
"706"	"INCREASE"	1860	57.63	43.85	101.48	13.78
"707"	"INCREASE"	1870	54.16	46.59	100.75	7.57
"708"	"INCREASE"	1880	49.83	41.59	91.42	8.24
"709"	"INCREASE"	1890	52.45	45.79	98.24	6.66
"710"	"INCREASE"	1900	57.41	49.6	107.01	7.81
"711"	"INCREASE"	1910	56.32	61	117.32	-4.68
"712"	"INCREASE"	1920	69.4	79.63	149.03	-10.23
"713"	"INCREASE"	1930	77.79	108.63	186.42	-30.84
"714"	"INCREASE"	1940	73.31	99.9	173.21	-26.59
"715"	"INCREASE"	1950	73.37	99.27	172.64	-25.9
"716"	"INCREASE"	1960	82.12	101.47	183.59	-19.35
"717"	"INCREASE"	1970	85.66	112.37	198.03	-26.71
"718"	"INCREASE"	1980	75.86	78.24	154.1	-2.38
"719"	"INCREASE"	1990	71.99	54.24	126.23	17.75
"720"	"INCREASE"	2000	66.01	42.06	108.07	23.95
"721"	"INFLUENCE"	1860	34.8	200.87	235.67	-166.07
"722"	"INFLUENCE"	1870	32.62	191.67	224.29	-159.05
"723"	"INFLUENCE"	1880	27.36	173.14	200.5	-145.78
"724"	"INFLUENCE"	1890	37.15	185.76	222.91	-148.61
"725"	"INFLUENCE"	1900	29.37	147.37	176.74	-118
"726"	"INFLUENCE"	1910	30.1	138.42	168.52	-108.32
"727"	"INFLUENCE"	1920	29.92	108.96	138.88	-79.04
"728"	"INFLUENCE"	1930	26.22	87.99	114.21	-61.77
"729"	"INFLUENCE"	1940	27.71	82.71	110.42	-55
"730"	"INFLUENCE"	1950	28.28	67.26	95.54	-38.98
"731"	"INFLUENCE"	1960	34.94	74.01	108.95	-39.07
"732"	"INFLUENCE"	1970	31.39	64.71	96.1	-33.32
"733"	"INFLUENCE"	1980	35.15	63.74	98.89	-28.59
"734"	"INFLUENCE"	1990	29.67	48.1	77.77	-18.43
"735"	"INFLUENCE"	2000	29.17	45.96	75.13	-16.79
"736"	"ISSUE"	1860	62.19	66.22	128.41	-4.03
"737"	"ISSUE"	1870	51.91	58.19	110.1	-6.28
"738"	"ISSUE"	1880	41.82	51.89	93.71	-10.07
"739"	"ISSUE"	1890	55.42	54.52	109.94	0.9
"740"	"ISSUE"	1900	49.78	66.86	116.64	-17.08
"741"	"ISSUE"	1910	47.54	78.48	126.02	-30.94
"742"	"ISSUE"	1920	70.61	124.37	194.98	-53.76
"743"	"ISSUE"	1930	71.89	127.55	199.44	-55.66
"744"	"ISSUE"	1940	65.48	124.54	190.02	-59.06
"745"	"ISSUE"	1950	58.32	164.36	222.68	-106.04
"746"	"ISSUE"	1960	55.63	173.1	228.73	-117.47
"747"	"ISSUE"	1970	54.06	191.26	245.32	-137.2
"748"	"ISSUE"	1980	49.84	206.88	256.72	-157.04
"749"	"ISSUE"	1990	34.19	204.4	238.59	-170.21
"750"	"ISSUE"	2000	31.99	202.14	234.13	-170.15
"751"	"JUDGE"	1860	82.22	91.09	173.31	-8.87
"752"	"JUDGE"	1870	85.06	109.99	195.05	-24.93
"753"	"JUDGE"	1880	105.78	109.76	215.54	-3.98
"754"	"JUDGE"	1890	74.54	91.11	165.65	-16.57
"755"	"JUDGE"	1900	80.87	115.92	196.79	-35.05
"756"	"JUDGE"	1910	80.47	99.67	180.14	-19.2
"757"	"JUDGE"	1920	74.44	115.83	190.27	-41.39
"758"	"JUDGE"	1930	73.61	125.42	199.03	-51.81
"759"	"JUDGE"	1940	65.61	107.31	172.92	-41.7
"760"	"JUDGE"	1950	64.31	104.07	168.38	-39.76
"761"	"JUDGE"	1960	64.82	138.58	203.4	-73.76
"762"	"JUDGE"	1970	62.6	113.13	175.73	-50.53
"763"	"JUDGE"	1980	60.41	103.02	163.43	-42.61
"764"	"JUDGE"	1990	43.48	67.12	110.6	-23.64
"765"	"JUDGE"	2000	42.71	71.71	114.42	-29
"766"	"LABOR"	1860	37.84	161.52	199.36	-123.68
"767"	"LABOR"	1870	32.67	181.51	214.18	-148.84
"768"	"LABOR"	1880	26.01	143.58	169.59	-117.57
"769"	"LABOR"	1890	21.05	138.17	159.22	-117.12
"770"	"LABOR"	1900	18.06	131.31	149.37	-113.25
"771"	"LABOR"	1910	19.47	169.98	189.45	-150.51
"772"	"LABOR"	1920	15.92	177	192.92	-161.08
"773"	"LABOR"	1930	18.27	267.93	286.2	-249.66
"774"	"LABOR"	1940	15.74	292.94	308.68	-277.2
"775"	"LABOR"	1950	13.44	180.38	193.82	-166.94
"776"	"LABOR"	1960	11.41	161.19	172.6	-149.78
"777"	"LABOR"	1970	10.39	119.73	130.12	-109.34
"778"	"LABOR"	1980	11.91	125.98	137.89	-114.07
"779"	"LABOR"	1990	7.89	69.45	77.34	-61.56
"780"	"LABOR"	2000	8.51	54.85	63.36	-46.34
"781"	"LAND"	1860	31.47	335.88	367.35	-304.41
"782"	"LAND"	1870	35.36	262.97	298.33	-227.61
"783"	"LAND"	1880	32.53	323.48	356.01	-290.95
"784"	"LAND"	1890	39.98	315.86	355.84	-275.88
"785"	"LAND"	1900	38.24	334.81	373.05	-296.57
"786"	"LAND"	1910	46.83	294.55	341.38	-247.72
"787"	"LAND"	1920	53.92	265.99	319.91	-212.07
"788"	"LAND"	1930	43.21	279.64	322.85	-236.43
"789"	"LAND"	1940	52.89	271.49	324.38	-218.6
"790"	"LAND"	1950	55.5	239.69	295.19	-184.19
"791"	"LAND"	1960	51.28	226.22	277.5	-174.94
"792"	"LAND"	1970	44.6	254.07	298.67	-209.47
"793"	"LAND"	1980	47.14	230.87	278.01	-183.73
"794"	"LAND"	1990	49	209.06	258.06	-160.06
"795"	"LAND"	2000	56.45	189.15	245.6	-132.7
"796"	"LAUGH"	1860	180.96	41.46	222.42	139.5
"797"	"LAUGH"	1870	212.36	54.76	267.12	157.6
"798"	"LAUGH"	1880	205.15	56.1	261.25	149.05
"799"	"LAUGH"	1890	208.75	42.91	251.66	165.84
"800"	"LAUGH"	1900	284.32	57.63	341.95	226.69
"801"	"LAUGH"	1910	277.6	55.84	333.44	221.76
"802"	"LAUGH"	1920	256.55	52.16	308.71	204.39
"803"	"LAUGH"	1930	243.02	35.6	278.62	207.42
"804"	"LAUGH"	1940	236.99	34.09	271.08	202.9
"805"	"LAUGH"	1950	218.01	31.64	249.65	186.37
"806"	"LAUGH"	1960	217.74	31.76	249.5	185.98
"807"	"LAUGH"	1970	219.15	29.58	248.73	189.57
"808"	"LAUGH"	1980	203.23	27.01	230.24	176.22
"809"	"LAUGH"	1990	222.04	32.39	254.43	189.65
"810"	"LAUGH"	2000	195.73	35.18	230.91	160.55
"811"	"LEAD"	1860	276.2	20.73	296.93	255.47
"812"	"LEAD"	1870	289.73	19.34	309.07	270.39
"813"	"LEAD"	1880	262.3	20.46	282.76	241.84
"814"	"LEAD"	1890	291.55	24.64	316.19	266.91
"815"	"LEAD"	1900	284.37	26.66	311.03	257.71
"816"	"LEAD"	1910	259.28	26.84	286.12	232.44
"817"	"LEAD"	1920	270.67	36.05	306.72	234.62
"818"	"LEAD"	1930	241.47	34.33	275.8	207.14
"819"	"LEAD"	1940	243.66	35.58	279.24	208.08
"820"	"LEAD"	1950	259.32	41.56	300.88	217.76
"821"	"LEAD"	1960	269.81	43.13	312.94	226.68
"822"	"LEAD"	1970	277.37	39.34	316.71	238.03
"823"	"LEAD"	1980	308.23	55.6	363.83	252.63
"824"	"LEAD"	1990	270.04	46.53	316.57	223.51
"825"	"LEAD"	2000	291.76	52.21	343.97	239.55
"826"	"LIE"	1860	232.93	61.02	293.95	171.91
"827"	"LIE"	1870	214.4	48.68	263.08	165.72
"828"	"LIE"	1880	207.73	49.25	256.98	158.48
"829"	"LIE"	1890	221.92	51.36	273.28	170.56
"830"	"LIE"	1900	216.71	60.16	276.87	156.55
"831"	"LIE"	1910	217.74	47.14	264.88	170.6
"832"	"LIE"	1920	195.22	51.58	246.8	143.64
"833"	"LIE"	1930	208.62	47.68	256.3	160.94
"834"	"LIE"	1940	210.32	52.23	262.55	158.09
"835"	"LIE"	1950	186.16	58.45	244.61	127.71
"836"	"LIE"	1960	189.86	47.81	237.67	142.05
"837"	"LIE"	1970	192.18	47.75	239.93	144.43
"838"	"LIE"	1980	162.16	39.95	202.11	122.21
"839"	"LIE"	1990	180.22	41.57	221.79	138.65
"840"	"LIE"	2000	164.79	35.08	199.87	129.71
"841"	"LIGHT"	1860	60.9	296.99	357.89	-236.09
"842"	"LIGHT"	1870	64.27	320.47	384.74	-256.2
"843"	"LIGHT"	1880	59.69	292.72	352.41	-233.03
"844"	"LIGHT"	1890	64.86	316.95	381.81	-252.09
"845"	"LIGHT"	1900	63.71	309.03	372.74	-245.32
"846"	"LIGHT"	1910	61.8	286.51	348.31	-224.71
"847"	"LIGHT"	1920	64.61	299.43	364.04	-234.82
"848"	"LIGHT"	1930	70.95	320.11	391.06	-249.16
"849"	"LIGHT"	1940	76.7	327.98	404.68	-251.28
"850"	"LIGHT"	1950	63.28	310.11	373.39	-246.83
"851"	"LIGHT"	1960	65.53	310.72	376.25	-245.19
"852"	"LIGHT"	1970	58.73	307.08	365.81	-248.35
"853"	"LIGHT"	1980	52.58	308.87	361.45	-256.29
"854"	"LIGHT"	1990	58.69	377.04	435.73	-318.35
"855"	"LIGHT"	2000	55.39	352.52	407.91	-297.13
"856"	"LOOK"	1860	1123.5	188.9	1312.4	934.6
"857"	"LOOK"	1870	1226.32	176.57	1402.89	1049.75
"858"	"LOOK"	1880	1230.02	200.02	1430.04	1030
"859"	"LOOK"	1890	1166.95	170.46	1337.41	996.49
"860"	"LOOK"	1900	1194.08	188.63	1382.71	1005.45
"861"	"LOOK"	1910	1366.17	188.57	1554.74	1177.6
"862"	"LOOK"	1920	1315.01	169.82	1484.83	1145.19
"863"	"LOOK"	1930	1511.31	154.67	1665.98	1356.64
"864"	"LOOK"	1940	1660.21	177.56	1837.77	1482.65
"865"	"LOOK"	1950	1513.27	169.64	1682.91	1343.63
"866"	"LOOK"	1960	1486.59	183.93	1670.52	1302.66
"867"	"LOOK"	1970	1461.76	176.19	1637.95	1285.57
"868"	"LOOK"	1980	1474.8	178.28	1653.08	1296.52
"869"	"LOOK"	1990	1730.55	187.68	1918.23	1542.87
"870"	"LOOK"	2000	1675.64	212.01	1887.65	1463.63
"871"	"LOVE"	1860	368.29	408.99	777.28	-40.7
"872"	"LOVE"	1870	372.43	402.41	774.84	-29.98
"873"	"LOVE"	1880	361.14	386.91	748.05	-25.77
"874"	"LOVE"	1890	341.54	414.57	756.11	-73.03
"875"	"LOVE"	1900	297.5	283.44	580.94	14.06
"876"	"LOVE"	1910	274.9	244.05	518.95	30.85
"877"	"LOVE"	1920	252.45	237.36	489.81	15.09
"878"	"LOVE"	1930	205.46	184.29	389.75	21.17
"879"	"LOVE"	1940	208.12	189.61	397.73	18.51
"880"	"LOVE"	1950	233.05	210.59	443.64	22.46
"881"	"LOVE"	1960	225.89	209.34	435.23	16.55
"882"	"LOVE"	1970	249.31	215.45	464.76	33.86
"883"	"LOVE"	1980	262.32	204.22	466.54	58.1
"884"	"LOVE"	1990	280.77	216.7	497.47	64.07
"885"	"LOVE"	2000	319.54	209.84	529.38	109.7
"886"	"MARK"	1860	56.23	79.71	135.94	-23.48
"887"	"MARK"	1870	50.51	36.97	87.48	13.54
"888"	"MARK"	1880	48	49.68	97.68	-1.68
"889"	"MARK"	1890	51.55	38.76	90.31	12.79
"890"	"MARK"	1900	56.92	52.17	109.09	4.75
"891"	"MARK"	1910	49.88	49.88	99.76	0
"892"	"MARK"	1920	45.92	72.84	118.76	-26.92
"893"	"MARK"	1930	44.44	64.35	108.79	-19.91
"894"	"MARK"	1940	41.21	69.71	110.92	-28.5
"895"	"MARK"	1950	42.54	60.05	102.59	-17.51
"896"	"MARK"	1960	49.69	73.55	123.24	-23.86
"897"	"MARK"	1970	47.67	70.22	117.89	-22.55
"898"	"MARK"	1980	42.26	96.71	138.97	-54.45
"899"	"MARK"	1990	40.75	82.79	123.54	-42.04
"900"	"MARK"	2000	39.01	88.37	127.38	-49.36
"901"	"MASTER"	1860	14.77	228.26	243.03	-213.49
"902"	"MASTER"	1870	15.31	172.33	187.64	-157.02
"903"	"MASTER"	1880	15	196	211	-181
"904"	"MASTER"	1890	13.6	165.32	178.92	-151.72
"905"	"MASTER"	1900	17.66	160.33	177.99	-142.67
"906"	"MASTER"	1910	13.64	125.22	138.86	-111.58
"907"	"MASTER"	1920	11.39	115.21	126.6	-103.82
"908"	"MASTER"	1930	8.56	90.16	98.72	-81.6
"909"	"MASTER"	1940	8.32	88.92	97.24	-80.6
"910"	"MASTER"	1950	9.88	85.38	95.26	-75.5
"911"	"MASTER"	1960	9.36	77.61	86.97	-68.25
"912"	"MASTER"	1970	10.43	82.92	93.35	-72.49
"913"	"MASTER"	1980	9.93	98.3	108.23	-88.37
"914"	"MASTER"	1990	10.9	73.18	84.08	-62.28
"915"	"MASTER"	2000	13.84	90.5	104.34	-76.66
"916"	"MEASURE"	1860	21.26	134.71	155.97	-113.45
"917"	"MEASURE"	1870	23.75	127.24	150.99	-103.49
"918"	"MEASURE"	1880	19.16	124.32	143.48	-105.16
"919"	"MEASURE"	1890	16.1	113.63	129.73	-97.53
"920"	"MEASURE"	1900	25.07	97.87	122.94	-72.8
"921"	"MEASURE"	1910	22.86	112.12	134.98	-89.26
"922"	"MEASURE"	1920	24.23	103.15	127.38	-78.92
"923"	"MEASURE"	1930	23.1	123.17	146.27	-100.07
"924"	"MEASURE"	1940	22.57	110.58	133.15	-88.01
"925"	"MEASURE"	1950	26.23	98.94	125.17	-72.71
"926"	"MEASURE"	1960	33.31	91.82	125.13	-58.51
"927"	"MEASURE"	1970	25.75	79.26	105.01	-53.51
"928"	"MEASURE"	1980	31.61	87.26	118.87	-55.65
"929"	"MEASURE"	1990	35.08	70.45	105.53	-35.37
"930"	"MEASURE"	2000	32.02	58.55	90.57	-26.53
"931"	"MISTAKE"	1860	45.08	51.04	96.12	-5.96
"932"	"MISTAKE"	1870	44.17	65.56	109.73	-21.39
"933"	"MISTAKE"	1880	38.28	67.5	105.78	-29.22
"934"	"MISTAKE"	1890	35.74	60.42	96.16	-24.68
"935"	"MISTAKE"	1900	31.81	66.63	98.44	-34.82
"936"	"MISTAKE"	1910	32.58	66.96	99.54	-34.38
"937"	"MISTAKE"	1920	25.48	52.55	78.03	-27.07
"938"	"MISTAKE"	1930	18.51	51.65	70.16	-33.14
"939"	"MISTAKE"	1940	17.69	57.82	75.51	-40.13
"940"	"MISTAKE"	1950	14.47	58.57	73.04	-44.1
"941"	"MISTAKE"	1960	15.09	54.91	70	-39.82
"942"	"MISTAKE"	1970	14.09	54.73	68.82	-40.64
"943"	"MISTAKE"	1980	13.86	62.27	76.13	-48.41
"944"	"MISTAKE"	1990	14.92	59.87	74.79	-44.95
"945"	"MISTAKE"	2000	14.69	64.25	78.94	-49.56
"946"	"MOVE"	1860	216.35	10.92	227.27	205.43
"947"	"MOVE"	1870	229.77	15.74	245.51	214.03
"948"	"MOVE"	1880	230.59	17.87	248.46	212.72
"949"	"MOVE"	1890	256.62	17.84	274.46	238.78
"950"	"MOVE"	1900	248.57	27.33	275.9	221.24
"951"	"MOVE"	1910	290.18	48.42	338.6	241.76
"952"	"MOVE"	1920	309.65	39.6	349.25	270.05
"953"	"MOVE"	1930	413.51	54.89	468.4	358.62
"954"	"MOVE"	1940	465.16	56.74	521.9	408.42
"955"	"MOVE"	1950	487.37	64.14	551.51	423.23
"956"	"MOVE"	1960	536.28	75.69	611.97	460.59
"957"	"MOVE"	1970	535.86	76.95	612.81	458.91
"958"	"MOVE"	1980	531.04	85.11	616.15	445.93
"959"	"MOVE"	1990	545.5	66.04	611.54	479.46
"960"	"MOVE"	2000	543.9	72.39	616.29	471.51
"961"	"NAME"	1860	76.03	463.53	539.56	-387.5
"962"	"NAME"	1870	71.04	456.09	527.13	-385.05
"963"	"NAME"	1880	86.57	460.12	546.69	-373.55
"964"	"NAME"	1890	86.86	428.92	515.78	-342.06
"965"	"NAME"	1900	89.88	434.98	524.86	-345.1
"966"	"NAME"	1910	68.42	378.01	446.43	-309.59
"967"	"NAME"	1920	84.74	387.01	471.75	-302.27
"968"	"NAME"	1930	110.8	363	473.8	-252.2
"969"	"NAME"	1940	106.03	390.03	496.06	-284
"970"	"NAME"	1950	133.74	386.71	520.45	-252.97
"971"	"NAME"	1960	123.29	365.72	489.01	-242.43
"972"	"NAME"	1970	124.61	392.35	516.96	-267.74
"973"	"NAME"	1980	122.48	369.48	491.96	-247
"974"	"NAME"	1990	131.04	397.1	528.14	-266.06
"975"	"NAME"	2000	145.73	432	577.73	-286.27
"976"	"NEED"	1860	273.52	80.35	353.87	193.17
"977"	"NEED"	1870	298.92	87.16	386.08	211.76
"978"	"NEED"	1880	295.31	96.78	392.09	198.53
"979"	"NEED"	1890	284.28	105.08	389.36	179.2
"980"	"NEED"	1900	316.26	111	427.26	205.26
"981"	"NEED"	1910	353.74	133.3	487.04	220.44
"982"	"NEED"	1920	314.87	119.38	434.25	195.49
"983"	"NEED"	1930	338.55	131.08	469.63	207.47
"984"	"NEED"	1940	391.02	148.61	539.63	242.41
"985"	"NEED"	1950	411.1	144.31	555.41	266.79
"986"	"NEED"	1960	439.74	155.93	595.67	283.81
"987"	"NEED"	1970	468	165.63	633.63	302.37
"988"	"NEED"	1980	506.93	159.18	666.11	347.75
"989"	"NEED"	1990	633.74	158.59	792.33	475.15
"990"	"NEED"	2000	708.26	136.4	844.66	571.86
"991"	"NOTE"	1860	51.74	169.4	221.14	-117.66
"992"	"NOTE"	1870	50.51	147.18	197.69	-96.67
"993"	"NOTE"	1880	64.44	134.72	199.16	-70.28
"994"	"NOTE"	1890	74.87	144.31	219.18	-69.44
"995"	"NOTE"	1900	79.94	129.98	209.92	-50.04
"996"	"NOTE"	1910	83.73	152.72	236.45	-68.99
"997"	"NOTE"	1920	80.09	134.75	214.84	-54.66
"998"	"NOTE"	1930	74.14	134.35	208.49	-60.21
"999"	"NOTE"	1940	74.14	111.91	186.05	-37.77
"1000"	"NOTE"	1950	97.55	118.94	216.49	-21.39
"1001"	"NOTE"	1960	105.48	103.9	209.38	1.58
"1002"	"NOTE"	1970	107.58	111.28	218.86	-3.7
"1003"	"NOTE"	1980	119.19	99.73	218.92	19.46
"1004"	"NOTE"	1990	111.7	139.07	250.77	-27.37
"1005"	"NOTE"	2000	107.43	106.72	214.15	0.71
"1006"	"NOTICE"	1860	95.77	62.01	157.78	33.76
"1007"	"NOTICE"	1870	104.35	56.8	161.15	47.55
"1008"	"NOTICE"	1880	101.57	53.95	155.52	47.62
"1009"	"NOTICE"	1890	106.26	47.07	153.33	59.19
"1010"	"NOTICE"	1900	99.2	43.39	142.59	55.81
"1011"	"NOTICE"	1910	106.16	41.01	147.17	65.15
"1012"	"NOTICE"	1920	96.44	34.14	130.58	62.3
"1013"	"NOTICE"	1930	108.92	35.84	144.76	73.08
"1014"	"NOTICE"	1940	100.64	35.99	136.63	64.65
"1015"	"NOTICE"	1950	111.32	32.87	144.19	78.45
"1016"	"NOTICE"	1960	106.82	29.05	135.87	77.77
"1017"	"NOTICE"	1970	118.81	25.41	144.22	93.4
"1018"	"NOTICE"	1980	120.7	20.77	141.47	99.93
"1019"	"NOTICE"	1990	142.55	22.49	165.04	120.06
"1020"	"NOTICE"	2000	151.5	19.81	171.31	131.69
"1021"	"ORDER"	1860	86.83	261.6	348.43	-174.77
"1022"	"ORDER"	1870	96.56	250.02	346.58	-153.46
"1023"	"ORDER"	1880	88.34	234.32	322.66	-145.98
"1024"	"ORDER"	1890	93.71	253.36	347.07	-159.65
"1025"	"ORDER"	1900	87.53	234.99	322.52	-147.46
"1026"	"ORDER"	1910	86.21	241.14	327.35	-154.93
"1027"	"ORDER"	1920	87.27	227.45	314.72	-140.18
"1028"	"ORDER"	1930	99.09	246.51	345.6	-147.42
"1029"	"ORDER"	1940	108.72	280.52	389.24	-171.8
"1030"	"ORDER"	1950	102.47	228.87	331.34	-126.4
"1031"	"ORDER"	1960	99.8	225.05	324.85	-125.25
"1032"	"ORDER"	1970	111.99	196.22	308.21	-84.23
"1033"	"ORDER"	1980	101.08	188.17	289.25	-87.09
"1034"	"ORDER"	1990	78.63	134.34	212.97	-55.71
"1035"	"ORDER"	2000	82.29	122.15	204.44	-39.86
"1036"	"PAUSE"	1860	70.07	41.63	111.7	28.44
"1037"	"PAUSE"	1870	67.54	44.44	111.98	23.1
"1038"	"PAUSE"	1880	64.87	36.75	101.62	28.12
"1039"	"PAUSE"	1890	61.18	41.83	103.01	19.35
"1040"	"PAUSE"	1900	76.97	58.87	135.84	18.1
"1041"	"PAUSE"	1910	80.73	75.04	155.77	5.69
"1042"	"PAUSE"	1920	70.93	42.88	113.81	28.05
"1043"	"PAUSE"	1930	65.78	43.05	108.83	22.73
"1044"	"PAUSE"	1940	74.05	61.79	135.84	12.26
"1045"	"PAUSE"	1950	69.8	45.04	114.84	24.76
"1046"	"PAUSE"	1960	66.03	59.26	125.29	6.77
"1047"	"PAUSE"	1970	64.79	69.04	133.83	-4.25
"1048"	"PAUSE"	1980	66.25	66.8	133.05	-0.55
"1049"	"PAUSE"	1990	57.54	51.65	109.19	5.89
"1050"	"PAUSE"	2000	66.22	38.47	104.69	27.75
"1051"	"PAY"	1860	282.98	24.06	307.04	258.92
"1052"	"PAY"	1870	317.94	21.44	339.38	296.5
"1053"	"PAY"	1880	301.3	22.76	324.06	278.54
"1054"	"PAY"	1890	279.7	23.6	303.3	256.1
"1055"	"PAY"	1900	316.22	24.89	341.11	291.33
"1056"	"PAY"	1910	320.94	31.6	352.54	289.34
"1057"	"PAY"	1920	345.03	32.89	377.92	312.14
"1058"	"PAY"	1930	408.34	41.58	449.92	366.76
"1059"	"PAY"	1940	346.46	49.16	395.62	297.3
"1060"	"PAY"	1950	307.81	45.99	353.8	261.82
"1061"	"PAY"	1960	294.09	40.58	334.67	253.51
"1062"	"PAY"	1970	322.56	47.58	370.14	274.98
"1063"	"PAY"	1980	301.72	31.97	333.69	269.75
"1064"	"PAY"	1990	312.66	29.31	341.97	283.35
"1065"	"PAY"	2000	297.5	26.32	323.82	271.18
"1066"	"PICTURE"	1860	9.23	146.16	155.39	-136.93
"1067"	"PICTURE"	1870	10.85	140.84	151.69	-129.99
"1068"	"PICTURE"	1880	10.78	184.02	194.8	-173.24
"1069"	"PICTURE"	1890	13.55	151.91	165.46	-138.36
"1070"	"PICTURE"	1900	16.19	155.14	171.33	-138.95
"1071"	"PICTURE"	1910	19.86	169.72	189.58	-149.86
"1072"	"PICTURE"	1920	19.43	176.5	195.93	-157.07
"1073"	"PICTURE"	1930	16.43	205.54	221.97	-189.11
"1074"	"PICTURE"	1940	15.03	216.74	231.77	-201.71
"1075"	"PICTURE"	1950	13.94	213.5	227.44	-199.56
"1076"	"PICTURE"	1960	13.96	183.22	197.18	-169.26
"1077"	"PICTURE"	1970	16.45	173.67	190.12	-157.22
"1078"	"PICTURE"	1980	14.85	173.76	188.61	-158.91
"1079"	"PICTURE"	1990	27.23	194.21	221.44	-166.98
"1080"	"PICTURE"	2000	28.16	167.54	195.7	-139.38
"1081"	"PLACE"	1860	234.04	647	881.04	-412.96
"1082"	"PLACE"	1870	215.42	677.86	893.28	-462.44
"1083"	"PLACE"	1880	200.88	666.03	866.91	-465.15
"1084"	"PLACE"	1890	197.32	683.93	881.25	-486.61
"1085"	"PLACE"	1900	203.58	656.31	859.89	-452.73
"1086"	"PLACE"	1910	197.48	627.8	825.28	-430.32
"1087"	"PLACE"	1920	187.65	594.09	781.74	-406.44
"1088"	"PLACE"	1930	172.98	593.61	766.59	-420.63
"1089"	"PLACE"	1940	155.48	556.9	712.38	-401.42
"1090"	"PLACE"	1950	144.56	524.22	668.78	-379.66
"1091"	"PLACE"	1960	145.56	513	658.56	-367.44
"1092"	"PLACE"	1970	140.52	523.07	663.59	-382.55
"1093"	"PLACE"	1980	131.3	530.56	661.86	-399.26
"1094"	"PLACE"	1990	143.84	566.84	710.68	-423
"1095"	"PLACE"	2000	151.05	558.73	709.78	-407.68
"1096"	"PLAN"	1860	10.1	149.55	159.65	-139.45
"1097"	"PLAN"	1870	9.35	164.91	174.26	-155.56
"1098"	"PLAN"	1880	9.15	161.21	170.36	-152.06
"1099"	"PLAN"	1890	13.55	168.91	182.46	-155.36
"1100"	"PLAN"	1900	18.28	168.8	187.08	-150.52
"1101"	"PLAN"	1910	26.62	191.79	218.41	-165.17
"1102"	"PLAN"	1920	39.13	233.45	272.58	-194.32
"1103"	"PLAN"	1930	48.66	272.39	321.05	-223.73
"1104"	"PLAN"	1940	59.27	261.34	320.61	-202.07
"1105"	"PLAN"	1950	68.08	245.39	313.47	-177.31
"1106"	"PLAN"	1960	67.29	222.96	290.25	-155.67
"1107"	"PLAN"	1970	64.24	202.19	266.43	-137.95
"1108"	"PLAN"	1980	72.88	204.62	277.5	-131.74
"1109"	"PLAN"	1990	73.07	204.57	277.64	-131.5
"1110"	"PLAN"	2000	78.33	192.27	270.6	-113.94
"1111"	"PLAY"	1860	151.82	58.04	209.86	93.78
"1112"	"PLAY"	1870	157.49	87.96	245.45	69.53
"1113"	"PLAY"	1880	174.53	72.68	247.21	101.85
"1114"	"PLAY"	1890	180.19	110.42	290.61	69.77
"1115"	"PLAY"	1900	240.05	107.62	347.67	132.43
"1116"	"PLAY"	1910	258.62	112.78	371.4	145.84
"1117"	"PLAY"	1920	310.47	133.66	444.13	176.81
"1118"	"PLAY"	1930	302.21	94.46	396.67	207.75
"1119"	"PLAY"	1940	290.83	83.58	374.41	207.25
"1120"	"PLAY"	1950	324.37	97.96	422.33	226.41
"1121"	"PLAY"	1960	320.17	117.73	437.9	202.44
"1122"	"PLAY"	1970	341.62	93.02	434.64	248.6
"1123"	"PLAY"	1980	397.24	96.83	494.07	300.41
"1124"	"PLAY"	1990	432.29	93.3	525.59	338.99
"1125"	"PLAY"	2000	471.41	92.37	563.78	379.04
"1126"	"POINT"	1860	97.11	334.65	431.76	-237.54
"1127"	"POINT"	1870	105.8	347.66	453.46	-241.86
"1128"	"POINT"	1880	103.48	320.61	424.09	-217.13
"1129"	"POINT"	1890	106.07	320.44	426.51	-214.37
"1130"	"POINT"	1900	128.48	350.25	478.73	-221.77
"1131"	"POINT"	1910	145.26	347.87	493.13	-202.61
"1132"	"POINT"	1920	157.38	332.27	489.65	-174.89
"1133"	"POINT"	1930	166.26	338.67	504.93	-172.41
"1134"	"POINT"	1940	175.15	331.38	506.53	-156.23
"1135"	"POINT"	1950	165.67	363.35	529.02	-197.68
"1136"	"POINT"	1960	164.12	382.31	546.43	-218.19
"1137"	"POINT"	1970	165.13	345.32	510.45	-180.19
"1138"	"POINT"	1980	157.99	347.71	505.7	-189.72
"1139"	"POINT"	1990	174.73	336.12	510.85	-161.39
"1140"	"POINT"	2000	167.88	342.34	510.22	-174.46
"1141"	"PROMISE"	1860	101.84	72.99	174.83	28.85
"1142"	"PROMISE"	1870	110.48	81.35	191.83	29.13
"1143"	"PROMISE"	1880	98.64	75.6	174.24	23.04
"1144"	"PROMISE"	1890	94.13	65.1	159.23	29.03
"1145"	"PROMISE"	1900	93.87	57.98	151.85	35.89
"1146"	"PROMISE"	1910	98.65	56.41	155.06	42.24
"1147"	"PROMISE"	1920	96.36	59.46	155.82	36.9
"1148"	"PROMISE"	1930	81.76	46.86	128.62	34.9
"1149"	"PROMISE"	1940	83.37	48.46	131.83	34.91
"1150"	"PROMISE"	1950	86.4	48.65	135.05	37.75
"1151"	"PROMISE"	1960	85.63	48.02	133.65	37.61
"1152"	"PROMISE"	1970	78.88	43.8	122.68	35.08
"1153"	"PROMISE"	1980	84.63	45.51	130.14	39.12
"1154"	"PROMISE"	1990	79.53	43.73	123.26	35.8
"1155"	"PROMISE"	2000	78.19	42.81	121	35.38
"1156"	"QUESTION"	1860	39.01	373.49	412.5	-334.48
"1157"	"QUESTION"	1870	43.42	418.75	462.17	-375.33
"1158"	"QUESTION"	1880	38.61	425.82	464.43	-387.21
"1159"	"QUESTION"	1890	36.77	409.9	446.67	-373.13
"1160"	"QUESTION"	1900	48	401.13	449.13	-353.13
"1161"	"QUESTION"	1910	52.09	395.67	447.76	-343.58
"1162"	"QUESTION"	1920	55.79	367.04	422.83	-311.25
"1163"	"QUESTION"	1930	44.32	341.99	386.31	-297.67
"1164"	"QUESTION"	1940	41.04	341.69	382.73	-300.65
"1165"	"QUESTION"	1950	46.48	370.68	417.16	-324.2
"1166"	"QUESTION"	1960	46.51	376.34	422.85	-329.83
"1167"	"QUESTION"	1970	44.55	349.36	393.91	-304.81
"1168"	"QUESTION"	1980	44.2	339.09	383.29	-294.89
"1169"	"QUESTION"	1990	37.45	334.03	371.48	-296.58
"1170"	"QUESTION"	2000	36.47	311.4	347.87	-274.93
"1171"	"REASON"	1860	19.8	264.41	284.21	-244.61
"1172"	"REASON"	1870	18.38	272.32	290.7	-253.94
"1173"	"REASON"	1880	16.29	282.66	298.95	-266.37
"1174"	"REASON"	1890	17.28	261.1	278.38	-243.82
"1175"	"REASON"	1900	16.77	266.89	283.66	-250.12
"1176"	"REASON"	1910	16.77	274.24	291.01	-257.47
"1177"	"REASON"	1920	13.26	264.59	277.85	-251.33
"1178"	"REASON"	1930	11.76	264.16	275.92	-252.4
"1179"	"REASON"	1940	11.47	265.73	277.2	-254.26
"1180"	"REASON"	1950	12.87	274.28	287.15	-261.41
"1181"	"REASON"	1960	10.45	285.65	296.1	-275.2
"1182"	"REASON"	1970	14.35	283.56	297.91	-269.21
"1183"	"REASON"	1980	11.8	260.26	272.06	-248.46
"1184"	"REASON"	1990	11.62	243.67	255.29	-232.05
"1185"	"REASON"	2000	9.43	231.21	240.64	-221.78
"1186"	"REPLY"	1860	249.17	71.94	321.11	177.23
"1187"	"REPLY"	1870	233.04	80.65	313.69	152.39
"1188"	"REPLY"	1880	266.9	69.8	336.7	197.1
"1189"	"REPLY"	1890	246.28	64.81	311.09	181.47
"1190"	"REPLY"	1900	201.5	68.23	269.73	133.27
"1191"	"REPLY"	1910	228.03	83.78	311.81	144.25
"1192"	"REPLY"	1920	164.09	59.1	223.19	104.99
"1193"	"REPLY"	1930	134.56	44.57	179.13	89.99
"1194"	"REPLY"	1940	104.41	37.03	141.44	67.38
"1195"	"REPLY"	1950	107.59	33.57	141.16	74.02
"1196"	"REPLY"	1960	98.17	30.09	128.26	68.08
"1197"	"REPLY"	1970	97.94	26.97	124.91	70.97
"1198"	"REPLY"	1980	91.58	20.65	112.23	70.93
"1199"	"REPLY"	1990	65.75	15.35	81.1	50.4
"1200"	"REPLY"	2000	74.09	16.11	90.2	57.98
"1201"	"REPORT"	1860	53.31	86.25	139.56	-32.94
"1202"	"REPORT"	1870	71.36	102.09	173.45	-30.73
"1203"	"REPORT"	1880	66.88	103.82	170.7	-36.94
"1204"	"REPORT"	1890	80.58	127.74	208.32	-47.16
"1205"	"REPORT"	1900	70.63	116.54	187.17	-45.91
"1206"	"REPORT"	1910	79.32	120.37	199.69	-41.05
"1207"	"REPORT"	1920	122.66	162.53	285.19	-39.87
"1208"	"REPORT"	1930	161.02	186.54	347.56	-25.52
"1209"	"REPORT"	1940	199.92	201.95	401.87	-2.03
"1210"	"REPORT"	1950	188.83	199.2	388.03	-10.37
"1211"	"REPORT"	1960	179.41	199.64	379.05	-20.23
"1212"	"REPORT"	1970	167.95	191.09	359.04	-23.14
"1213"	"REPORT"	1980	141.35	178.68	320.03	-37.33
"1214"	"REPORT"	1990	116.22	135.13	251.35	-18.91
"1215"	"REPORT"	2000	134.5	135.72	270.22	-1.22
"1216"	"RESPECT"	1860	38.6	144.82	183.42	-106.22
"1217"	"RESPECT"	1870	39.66	130.52	170.18	-90.86
"1218"	"RESPECT"	1880	30.28	111.2	141.48	-80.92
"1219"	"RESPECT"	1890	29.03	107.3	136.33	-78.27
"1220"	"RESPECT"	1900	22.18	86.42	108.6	-64.24
"1221"	"RESPECT"	1910	23.35	80.82	104.17	-57.47
"1222"	"RESPECT"	1920	23.56	74.24	97.8	-50.68
"1223"	"RESPECT"	1930	19.5	66.85	86.35	-47.35
"1224"	"RESPECT"	1940	19.38	62.58	81.96	-43.2
"1225"	"RESPECT"	1950	23.61	61.93	85.54	-38.32
"1226"	"RESPECT"	1960	23.32	60.93	84.25	-37.61
"1227"	"RESPECT"	1970	24.44	53.72	78.16	-29.28
"1228"	"RESPECT"	1980	23.95	53.78	77.73	-29.83
"1229"	"RESPECT"	1990	21.34	49.11	70.45	-27.77
"1230"	"RESPECT"	2000	25.27	44.98	70.25	-19.71
"1231"	"RESULT"	1860	32.35	225.11	257.46	-192.76
"1232"	"RESULT"	1870	39.12	244.81	283.93	-205.69
"1233"	"RESULT"	1880	32.1	224.93	257.03	-192.83
"1234"	"RESULT"	1890	35.07	218.76	253.83	-183.69
"1235"	"RESULT"	1900	40.95	225.76	266.71	-184.81
"1236"	"RESULT"	1910	45.24	227.85	273.09	-182.61
"1237"	"RESULT"	1920	53.6	218.71	272.31	-165.11
"1238"	"RESULT"	1930	52.51	216.03	268.54	-163.52
"1239"	"RESULT"	1940	53.55	192.51	246.06	-138.96
"1240"	"RESULT"	1950	47.87	190.63	238.5	-142.76
"1241"	"RESULT"	1960	48.81	183.72	232.53	-134.91
"1242"	"RESULT"	1970	46.07	178.47	224.54	-132.4
"1243"	"RESULT"	1980	43.81	182.97	226.78	-139.16
"1244"	"RESULT"	1990	42.26	177.64	219.9	-135.38
"1245"	"RESULT"	2000	35.01	173.85	208.86	-138.84
"1246"	"RETURN"	1860	325.55	112.35	437.9	213.2
"1247"	"RETURN"	1870	355.34	112.47	467.81	242.87
"1248"	"RETURN"	1880	325.69	104.97	430.66	220.72
"1249"	"RETURN"	1890	332.34	105.27	437.61	227.07
"1250"	"RETURN"	1900	303.22	98.97	402.19	204.25
"1251"	"RETURN"	1910	285.94	90.09	376.03	195.85
"1252"	"RETURN"	1920	286.12	99.87	385.99	186.25
"1253"	"RETURN"	1930	251.26	111.33	362.59	139.93
"1254"	"RETURN"	1940	226.68	80.06	306.74	146.62
"1255"	"RETURN"	1950	236.78	79.35	316.13	157.43
"1256"	"RETURN"	1960	227.43	78.44	305.87	148.99
"1257"	"RETURN"	1970	242.92	78.93	321.85	163.99
"1258"	"RETURN"	1980	242.46	76.29	318.75	166.17
"1259"	"RETURN"	1990	231.91	78.7	310.61	153.21
"1260"	"RETURN"	2000	241.73	68.96	310.69	172.77
"1261"	"RISE"	1860	164.85	49.17	214.02	115.68
"1262"	"RISE"	1870	169.48	57.66	227.14	111.82
"1263"	"RISE"	1880	162.36	49.83	212.19	112.53
"1264"	"RISE"	1890	175.7	42.53	218.23	133.17
"1265"	"RISE"	1900	158.86	48.93	207.79	109.93
"1266"	"RISE"	1910	142.13	51.69	193.82	90.44
"1267"	"RISE"	1920	142.83	51.69	194.52	91.14
"1268"	"RISE"	1930	143.61	64.35	207.96	79.26
"1269"	"RISE"	1940	134.28	64.74	199.02	69.54
"1270"	"RISE"	1950	145.34	65.74	211.08	79.6
"1271"	"RISE"	1960	131.73	59.97	191.7	71.76
"1272"	"RISE"	1970	131.14	59.61	190.75	71.53
"1273"	"RISE"	1980	123.67	54.61	178.28	69.06
"1274"	"RISE"	1990	119.67	43.98	163.65	75.69
"1275"	"RISE"	2000	113.74	45.39	159.13	68.35
"1276"	"RULE"	1860	30.77	140.32	171.09	-109.55
"1277"	"RULE"	1870	24.66	117.73	142.39	-93.07
"1278"	"RULE"	1880	26.97	135.06	162.03	-108.09
"1279"	"RULE"	1890	28.47	121.51	149.98	-93.04
"1280"	"RULE"	1900	25.64	117.92	143.56	-92.28
"1281"	"RULE"	1910	22.73	123.11	145.84	-100.38
"1282"	"RULE"	1920	25.12	106.82	131.94	-81.7
"1283"	"RULE"	1930	32.03	117.35	149.38	-85.32
"1284"	"RULE"	1940	32.89	111.58	144.47	-78.69
"1285"	"RULE"	1950	38.32	116.81	155.13	-78.49
"1286"	"RULE"	1960	41.46	129.76	171.22	-88.3
"1287"	"RULE"	1970	42.37	130.34	172.71	-87.97
"1288"	"RULE"	1980	46.98	139.56	186.54	-92.58
"1289"	"RULE"	1990	33.15	132.04	165.19	-98.89
"1290"	"RULE"	2000	32.5	119.51	152.01	-87.01
"1291"	"RUN"	1860	314.04	45.31	359.35	268.73
"1292"	"RUN"	1870	336.05	37.61	373.66	298.44
"1293"	"RUN"	1880	333.02	40.96	373.98	292.06
"1294"	"RUN"	1890	362.88	41.35	404.23	321.53
"1295"	"RUN"	1900	413.38	48.22	461.6	365.16
"1296"	"RUN"	1910	460.64	58.97	519.61	401.67
"1297"	"RUN"	1920	491.41	53.6	545.01	437.81
"1298"	"RUN"	1930	496	56.61	552.61	439.39
"1299"	"RUN"	1940	519.41	64.45	583.86	454.96
"1300"	"RUN"	1950	520.69	66.73	587.42	453.96
"1301"	"RUN"	1960	509.57	68.25	577.82	441.32
"1302"	"RUN"	1970	490.97	66.81	557.78	424.16
"1303"	"RUN"	1980	509.16	84.44	593.6	424.72
"1304"	"RUN"	1990	551.99	87.38	639.37	464.61
"1305"	"RUN"	2000	555.61	99.73	655.34	455.88
"1306"	"SENSE"	1860	1.81	240.52	242.33	-238.71
"1307"	"SENSE"	1870	1.61	250.88	252.49	-249.27
"1308"	"SENSE"	1880	2.4	249.7	252.1	-247.3
"1309"	"SENSE"	1890	1.51	231.83	233.34	-230.32
"1310"	"SENSE"	1900	2.88	224.43	227.31	-221.55
"1311"	"SENSE"	1910	9.36	256.81	266.17	-247.45
"1312"	"SENSE"	1920	18.22	227.8	246.02	-209.58
"1313"	"SENSE"	1930	18.47	191.41	209.88	-172.94
"1314"	"SENSE"	1940	22.49	193.29	215.78	-170.8
"1315"	"SENSE"	1950	28.73	218.46	247.19	-189.73
"1316"	"SENSE"	1960	30.8	216.98	247.78	-186.18
"1317"	"SENSE"	1970	39.59	220.7	260.29	-181.11
"1318"	"SENSE"	1980	39.16	234	273.16	-194.84
"1319"	"SENSE"	1990	35.19	225.88	261.07	-190.69
"1320"	"SENSE"	2000	37.42	206.11	243.53	-168.69
"1321"	"SHIP"	1860	6.48	142.13	148.61	-135.65
"1322"	"SHIP"	1870	6.72	97.1	103.82	-90.38
"1323"	"SHIP"	1880	10.92	107.89	118.81	-96.97
"1324"	"SHIP"	1890	11	164.14	175.14	-153.14
"1325"	"SHIP"	1900	12.73	156.2	168.93	-143.47
"1326"	"SHIP"	1910	14.61	155.11	169.72	-140.5
"1327"	"SHIP"	1920	16.23	160.62	176.85	-144.39
"1328"	"SHIP"	1930	17.86	191.33	209.19	-173.47
"1329"	"SHIP"	1940	26.76	227.05	253.81	-200.29
"1330"	"SHIP"	1950	19.06	221.04	240.1	-201.98
"1331"	"SHIP"	1960	16.01	182.13	198.14	-166.12
"1332"	"SHIP"	1970	14.43	116.79	131.22	-102.36
"1333"	"SHIP"	1980	17.12	152.35	169.47	-135.23
"1334"	"SHIP"	1990	14.38	105.89	120.27	-91.51
"1335"	"SHIP"	2000	14.15	121.44	135.59	-107.29
"1336"	"SHOW"	1860	445.9	39.59	485.49	406.31
"1337"	"SHOW"	1870	482.75	40.25	523	442.5
"1338"	"SHOW"	1880	503.76	40.39	544.15	463.37
"1339"	"SHOW"	1890	504.59	43.38	547.97	461.21
"1340"	"SHOW"	1900	534.8	52.22	587.02	482.58
"1341"	"SHOW"	1910	542.39	57.43	599.82	484.96
"1342"	"SHOW"	1920	534.44	75.22	609.66	459.22
"1343"	"SHOW"	1930	511.94	81.51	593.45	430.43
"1344"	"SHOW"	1940	437.82	91.41	529.23	346.41
"1345"	"SHOW"	1950	464.99	132.59	597.58	332.4
"1346"	"SHOW"	1960	467.86	117.6	585.46	350.26
"1347"	"SHOW"	1970	466.99	144.98	611.97	322.01
"1348"	"SHOW"	1980	445.97	154.41	600.38	291.56
"1349"	"SHOW"	1990	455.71	172.33	628.04	283.38
"1350"	"SHOW"	2000	442.38	177.31	619.69	265.07
"1351"	"SIGN"	1860	34.1	85.14	119.24	-51.04
"1352"	"SIGN"	1870	37.13	94.36	131.49	-57.23
"1353"	"SIGN"	1880	39.33	88.73	128.06	-49.4
"1354"	"SIGN"	1890	43.43	98.99	142.42	-55.56
"1355"	"SIGN"	1900	44.9	104.12	149.02	-59.22
"1356"	"SIGN"	1910	50.36	109.78	160.14	-59.42
"1357"	"SIGN"	1920	69.99	106.54	176.53	-36.55
"1358"	"SIGN"	1930	82.25	95.81	178.06	-13.56
"1359"	"SIGN"	1940	83.08	112.53	195.61	-29.45
"1360"	"SIGN"	1950	83.49	113.12	196.61	-29.63
"1361"	"SIGN"	1960	78.99	132.61	211.6	-53.62
"1362"	"SIGN"	1970	87.93	141.32	229.25	-53.39
"1363"	"SIGN"	1980	77.56	137.46	215.02	-59.9
"1364"	"SIGN"	1990	84.87	141.48	226.35	-56.61
"1365"	"SIGN"	2000	86.7	148.58	235.28	-61.88
"1366"	"SILENCE"	1860	12.96	118.6	131.56	-105.64
"1367"	"SILENCE"	1870	11.55	126.81	138.36	-115.26
"1368"	"SILENCE"	1880	11.11	116.37	127.48	-105.26
"1369"	"SILENCE"	1890	10.1	129.21	139.31	-119.11
"1370"	"SILENCE"	1900	9.54	128.03	137.57	-118.49
"1371"	"SILENCE"	1910	9.27	127.48	136.75	-118.21
"1372"	"SILENCE"	1920	7.33	120	127.33	-112.67
"1373"	"SILENCE"	1930	9.46	109.16	118.62	-99.7
"1374"	"SILENCE"	1940	9.48	111.7	121.18	-102.22
"1375"	"SILENCE"	1950	8.16	107.59	115.75	-99.43
"1376"	"SILENCE"	1960	9.11	116.22	125.33	-107.11
"1377"	"SILENCE"	1970	10.05	100.97	111.02	-90.92
"1378"	"SILENCE"	1980	9.53	101.51	111.04	-91.98
"1379"	"SILENCE"	1990	8.72	92.91	101.63	-84.19
"1380"	"SILENCE"	2000	8.18	90.2	98.38	-82.02
"1381"	"SLEEP"	1860	112.76	65.58	178.34	47.18
"1382"	"SLEEP"	1870	112.3	72.38	184.68	39.92
"1383"	"SLEEP"	1880	105.88	65.68	171.56	40.2
"1384"	"SLEEP"	1890	106.92	66.8	173.72	40.12
"1385"	"SLEEP"	1900	88.77	58.51	147.28	30.26
"1386"	"SLEEP"	1910	107.26	60.34	167.6	46.92
"1387"	"SLEEP"	1920	97.22	61.37	158.59	35.85
"1388"	"SLEEP"	1930	108.42	59.6	168.02	48.82
"1389"	"SLEEP"	1940	118.21	70.24	188.45	47.97
"1390"	"SLEEP"	1950	109.23	62.75	171.98	46.48
"1391"	"SLEEP"	1960	105.15	65.7	170.85	39.45
"1392"	"SLEEP"	1970	122.85	65.72	188.57	57.13
"1393"	"SLEEP"	1980	112.59	59.81	172.4	52.78
"1394"	"SLEEP"	1990	130.25	64.78	195.03	65.47
"1395"	"SLEEP"	2000	131.04	74.32	205.36	56.72
"1396"	"SMILE"	1860	84.26	131.5	215.76	-47.24
"1397"	"SMILE"	1870	85.76	146.26	232.02	-60.5
"1398"	"SMILE"	1880	83.94	134.82	218.76	-50.88
"1399"	"SMILE"	1890	94.79	122.36	217.15	-27.57
"1400"	"SMILE"	1900	128.12	138.19	266.31	-10.07
"1401"	"SMILE"	1910	148.93	149.9	298.83	-0.97
"1402"	"SMILE"	1920	127.88	122.27	250.15	5.61
"1403"	"SMILE"	1930	139.43	112.48	251.91	26.95
"1404"	"SMILE"	1940	170.76	118.37	289.13	52.39
"1405"	"SMILE"	1950	164.52	119.19	283.71	45.33
"1406"	"SMILE"	1960	155.47	122.33	277.8	33.14
"1407"	"SMILE"	1970	165.68	127.73	293.41	37.95
"1408"	"SMILE"	1980	175.34	129.91	305.25	45.43
"1409"	"SMILE"	1990	170.46	126.09	296.55	44.37
"1410"	"SMILE"	2000	168.49	155.8	324.29	12.69
"1411"	"SOUND"	1860	50.28	164.26	214.54	-113.98
"1412"	"SOUND"	1870	53.09	165.66	218.75	-112.57
"1413"	"SOUND"	1880	48.63	143.58	192.21	-94.95
"1414"	"SOUND"	1890	62.88	170.56	233.44	-107.68
"1415"	"SOUND"	1900	66.41	162.95	229.36	-96.54
"1416"	"SOUND"	1910	79.8	181.02	260.82	-101.22
"1417"	"SOUND"	1920	78.46	182.82	261.28	-104.36
"1418"	"SOUND"	1930	90.32	213.57	303.89	-123.25
"1419"	"SOUND"	1940	110.05	204.68	314.73	-94.63
"1420"	"SOUND"	1950	113.98	204.32	318.3	-90.34
"1421"	"SOUND"	1960	114.38	212.18	326.56	-97.8
"1422"	"SOUND"	1970	129.87	197.1	326.97	-67.23
"1423"	"SOUND"	1980	132.49	205.21	337.7	-72.72
"1424"	"SOUND"	1990	153.74	223.19	376.93	-69.45
"1425"	"SOUND"	2000	158.11	212.32	370.43	-54.21
"1426"	"STAND"	1860	570.57	61.02	631.59	509.55
"1427"	"STAND"	1870	588.5	66.04	654.54	522.46
"1428"	"STAND"	1880	591.87	70	661.87	521.87
"1429"	"STAND"	1890	651.5	68.64	720.14	582.86
"1430"	"STAND"	1900	633.77	73.51	707.28	560.26
"1431"	"STAND"	1910	687.26	76.36	763.62	610.9
"1432"	"STAND"	1920	633.3	88.25	721.55	545.05
"1433"	"STAND"	1930	703.76	100.23	803.99	603.53
"1434"	"STAND"	1940	705.96	93.06	799.02	612.9
"1435"	"STAND"	1950	634.97	105.87	740.84	529.1
"1436"	"STAND"	1960	558.22	85.63	643.85	472.59
"1437"	"STAND"	1970	552.81	84.1	636.91	468.71
"1438"	"STAND"	1980	534.06	70.38	604.44	463.68
"1439"	"STAND"	1990	572.9	71.1	644	501.8
"1440"	"STAND"	2000	529.39	73.58	602.97	455.81
"1441"	"START"	1860	152.76	26.39	179.15	126.37
"1442"	"START"	1870	193.55	32.56	226.11	160.99
"1443"	"START"	1880	191.16	34.06	225.22	157.1
"1444"	"START"	1890	203.84	33.94	237.78	169.9
"1445"	"START"	1900	254.07	44.85	298.92	209.22
"1446"	"START"	1910	316.09	51.47	367.56	264.62
"1447"	"START"	1920	373.32	51.15	424.47	322.17
"1448"	"START"	1930	407.44	47.39	454.83	360.05
"1449"	"START"	1940	480.86	52.23	533.09	428.63
"1450"	"START"	1950	481.22	57.91	539.13	423.31
"1451"	"START"	1960	454.15	58.38	512.53	395.77
"1452"	"START"	1970	436.19	57.13	493.32	379.06
"1453"	"START"	1980	446.64	58.98	505.62	387.66
"1454"	"START"	1990	553.78	68.59	622.37	485.19
"1455"	"START"	2000	588.61	78.8	667.41	509.81
"1456"	"STEP"	1860	66.69	182.54	249.23	-115.85
"1457"	"STEP"	1870	72.54	181.35	253.89	-108.81
"1458"	"STEP"	1880	75.17	185.79	260.96	-110.62
"1459"	"STEP"	1890	83.23	180.09	263.32	-96.86
"1460"	"STEP"	1900	88.37	178.69	267.06	-90.32
"1461"	"STEP"	1910	105.94	182.83	288.77	-76.89
"1462"	"STEP"	1920	110.37	186.68	297.05	-76.31
"1463"	"STEP"	1930	118.71	207.02	325.73	-88.31
"1464"	"STEP"	1940	117.54	200.21	317.75	-82.67
"1465"	"STEP"	1950	120.54	191.65	312.19	-71.11
"1466"	"STEP"	1960	105.32	184.76	290.08	-79.44
"1467"	"STEP"	1970	106.65	166.48	273.13	-59.83
"1468"	"STEP"	1980	117.16	162.28	279.44	-45.12
"1469"	"STEP"	1990	139.93	184.7	324.63	-44.77
"1470"	"STEP"	2000	168.76	190.98	359.74	-22.22
"1471"	"STOP"	1860	203.74	12.55	216.29	191.19
"1472"	"STOP"	1870	236.32	12.95	249.27	223.37
"1473"	"STOP"	1880	216.02	13.94	229.96	202.08
"1474"	"STOP"	1890	236.32	14.11	250.43	222.21
"1475"	"STOP"	1900	261.25	17.75	279	243.5
"1476"	"STOP"	1910	296.53	22.2	318.73	274.33
"1477"	"STOP"	1920	313.47	27.93	341.4	285.54
"1478"	"STOP"	1930	354.32	25.27	379.59	329.05
"1479"	"STOP"	1940	391.23	29.99	421.22	361.24
"1480"	"STOP"	1950	386.26	36.15	422.41	350.11
"1481"	"STOP"	1960	389.29	36.9	426.19	352.39
"1482"	"STOP"	1970	378.35	38.28	416.63	340.07
"1483"	"STOP"	1980	378.09	39.24	417.33	338.85
"1484"	"STOP"	1990	422.96	43.55	466.51	379.41
"1485"	"STOP"	2000	415.44	43.69	459.13	371.75
"1486"	"STRUGGLE"	1860	30.31	84.96	115.27	-54.65
"1487"	"STRUGGLE"	1870	26.33	85.01	111.34	-58.68
"1488"	"STRUGGLE"	1880	23.43	73.06	96.49	-49.63
"1489"	"STRUGGLE"	1890	23.75	76.99	100.74	-53.24
"1490"	"STRUGGLE"	1900	25.46	74.26	99.72	-48.8
"1491"	"STRUGGLE"	1910	27.01	74.42	101.43	-47.41
"1492"	"STRUGGLE"	1920	25.28	59.14	84.42	-33.86
"1493"	"STRUGGLE"	1930	23.72	51.94	75.66	-28.22
"1494"	"STRUGGLE"	1940	22.12	53.01	75.13	-30.89
"1495"	"STRUGGLE"	1950	19.59	49.18	68.77	-29.59
"1496"	"STRUGGLE"	1960	23.24	52.62	75.86	-29.38
"1497"	"STRUGGLE"	1970	24.15	46.74	70.89	-22.59
"1498"	"STRUGGLE"	1980	33.52	52.39	85.91	-18.87
"1499"	"STRUGGLE"	1990	32.64	38.81	71.45	-6.17
"1500"	"STRUGGLE"	2000	44	36.47	80.47	7.53
"1501"	"SUPPLY"	1860	78.07	57.46	135.53	20.61
"1502"	"SUPPLY"	1870	67.28	59.59	126.87	7.69
"1503"	"SUPPLY"	1880	58.59	54.23	112.82	4.36
"1504"	"SUPPLY"	1890	57.17	58.49	115.66	-1.32
"1505"	"SUPPLY"	1900	61.93	62.46	124.39	-0.53
"1506"	"SUPPLY"	1910	62.81	80.64	143.45	-17.83
"1507"	"SUPPLY"	1920	62.34	84.58	146.92	-22.24
"1508"	"SUPPLY"	1930	57.18	86.14	143.32	-28.96
"1509"	"SUPPLY"	1940	76	149.39	225.39	-73.39
"1510"	"SUPPLY"	1950	58.65	81.85	140.5	-23.2
"1511"	"SUPPLY"	1960	56.08	84.46	140.54	-28.38
"1512"	"SUPPLY"	1970	46.49	82.5	128.99	-36.01
"1513"	"SUPPLY"	1980	41.15	68.67	109.82	-27.52
"1514"	"SUPPLY"	1990	31.14	50.61	81.75	-19.47
"1515"	"SUPPLY"	2000	29.27	52.31	81.58	-23.04
"1516"	"SUPPORT"	1860	73.75	57.46	131.21	16.29
"1517"	"SUPPORT"	1870	65.66	54.97	120.63	10.69
"1518"	"SUPPORT"	1880	67.36	56.2	123.56	11.16
"1519"	"SUPPORT"	1890	65.66	57.07	122.73	8.59
"1520"	"SUPPORT"	1900	58.38	45.61	103.99	12.77
"1521"	"SUPPORT"	1910	62.99	54.73	117.72	8.26
"1522"	"SUPPORT"	1920	60.43	57.39	117.82	3.04
"1523"	"SUPPORT"	1930	74.96	65.87	140.83	9.09
"1524"	"SUPPORT"	1940	76.58	74.88	151.46	1.7
"1525"	"SUPPORT"	1950	96.77	97.26	194.03	-0.49
"1526"	"SUPPORT"	1960	109.29	108.41	217.7	0.88
"1527"	"SUPPORT"	1970	110.18	110.39	220.57	-0.21
"1528"	"SUPPORT"	1980	106.72	119.15	225.87	-12.43
"1529"	"SUPPORT"	1990	101.41	93.98	195.39	7.43
"1530"	"SUPPORT"	2000	99.15	94.47	193.62	4.68
"1531"	"SURPRISE"	1860	19.27	78.6	97.87	-59.33
"1532"	"SURPRISE"	1870	25.04	88.82	113.86	-63.78
"1533"	"SURPRISE"	1880	21.22	85.81	107.03	-64.59
"1534"	"SURPRISE"	1890	25.11	89.08	114.19	-63.97
"1535"	"SURPRISE"	1900	22.8	88.02	110.82	-65.22
"1536"	"SURPRISE"	1910	22.11	79.63	101.74	-57.52
"1537"	"SURPRISE"	1920	21.26	73.58	94.84	-52.32
"1538"	"SURPRISE"	1930	19.99	65.33	85.32	-45.34
"1539"	"SURPRISE"	1940	18.31	60.84	79.15	-42.53
"1540"	"SURPRISE"	1950	19.67	69.88	89.55	-50.21
"1541"	"SURPRISE"	1960	21.9	66.62	88.52	-44.72
"1542"	"SURPRISE"	1970	21.75	67.06	88.81	-45.31
"1543"	"SURPRISE"	1980	25.46	69.42	94.88	-43.96
"1544"	"SURPRISE"	1990	28.7	66.76	95.46	-38.06
"1545"	"SURPRISE"	2000	28.53	69.17	97.7	-40.64
"1546"	"TALK"	1860	237.95	64.93	302.88	173.02
"1547"	"TALK"	1870	279.9	81.3	361.2	198.6
"1548"	"TALK"	1880	286.98	93.18	380.16	193.8
"1549"	"TALK"	1890	281.78	91.49	373.27	190.29
"1550"	"TALK"	1900	314.4	98.53	412.93	215.87
"1551"	"TALK"	1910	361.11	107.48	468.59	253.63
"1552"	"TALK"	1920	391.22	117.9	509.12	273.32
"1553"	"TALK"	1930	447.09	120.14	567.23	326.95
"1554"	"TALK"	1940	488.39	131.33	619.72	357.06
"1555"	"TALK"	1950	477.78	151.53	629.31	326.25
"1556"	"TALK"	1960	472.17	153.38	625.55	318.79
"1557"	"TALK"	1970	517.89	146.74	664.63	371.15
"1558"	"TALK"	1980	477.22	122.88	600.1	354.34
"1559"	"TALK"	1990	502.59	96.64	599.23	405.95
"1560"	"TALK"	2000	464.26	88.1	552.36	376.16
"1561"	"TASTE"	1860	22.72	91.33	114.05	-68.61
"1562"	"TASTE"	1870	15.37	96.4	111.77	-81.03
"1563"	"TASTE"	1880	19.64	82.12	101.76	-62.48
"1564"	"TASTE"	1890	15.72	77.14	92.86	-61.42
"1565"	"TASTE"	1900	17.39	66.37	83.76	-48.98
"1566"	"TASTE"	1910	14.08	58.31	72.39	-44.23
"1567"	"TASTE"	1920	15.64	53.56	69.2	-37.92
"1568"	"TASTE"	1930	15.11	46.37	61.48	-31.26
"1569"	"TASTE"	1940	17.06	42.04	59.1	-24.98
"1570"	"TASTE"	1950	18.98	50.74	69.72	-31.76
"1571"	"TASTE"	1960	15	44.97	59.97	-29.97
"1572"	"TASTE"	1970	20.53	54.69	75.22	-34.16
"1573"	"TASTE"	1980	25.46	58.06	83.52	-32.6
"1574"	"TASTE"	1990	38.24	55.53	93.77	-17.29
"1575"	"TASTE"	2000	36.84	54.24	91.08	-17.4
"1576"	"TAX"	1860	13.49	48.29	61.78	-34.8
"1577"	"TAX"	1870	19.24	55.78	75.02	-36.54
"1578"	"TAX"	1880	19.59	72.44	92.03	-52.85
"1579"	"TAX"	1890	15.53	50.23	65.76	-34.7
"1580"	"TAX"	1900	11.53	54.7	66.23	-43.17
"1581"	"TAX"	1910	9.84	60.3	70.14	-50.46
"1582"	"TAX"	1920	10.92	113.26	124.18	-102.34
"1583"	"TAX"	1930	15.81	232.87	248.68	-217.06
"1584"	"TAX"	1940	14.33	166.95	181.28	-152.62
"1585"	"TAX"	1950	12.13	203.95	216.08	-191.82
"1586"	"TAX"	1960	10.24	170.93	181.17	-160.69
"1587"	"TAX"	1970	11.23	213.01	224.24	-201.78
"1588"	"TAX"	1980	8.74	168.71	177.45	-159.97
"1589"	"TAX"	1990	8.04	132.69	140.73	-124.65
"1590"	"TAX"	2000	5.9	103.84	109.74	-97.94
"1591"	"TOUCH"	1860	129.93	47.36	177.29	82.57
"1592"	"TOUCH"	1870	126.81	44.17	170.98	82.64
"1593"	"TOUCH"	1880	130.46	52.99	183.45	77.47
"1594"	"TOUCH"	1890	133.5	57.5	191	76
"1595"	"TOUCH"	1900	133.75	63.53	197.28	70.22
"1596"	"TOUCH"	1910	123.77	62.9	186.67	60.87
"1597"	"TOUCH"	1920	116.61	51.42	168.03	65.19
"1598"	"TOUCH"	1930	120.18	42.72	162.9	77.46
"1599"	"TOUCH"	1940	114.35	39.76	154.11	74.59
"1600"	"TOUCH"	1950	126.44	43.32	169.76	83.12
"1601"	"TOUCH"	1960	129.39	44.76	174.15	84.63
"1602"	"TOUCH"	1970	134.37	46.45	180.82	87.92
"1603"	"TOUCH"	1980	136.7	44.88	181.58	91.82
"1604"	"TOUCH"	1990	156.72	47.17	203.89	109.55
"1605"	"TOUCH"	2000	135.25	49.9	185.15	85.35
"1606"	"TRADE"	1860	8.88	86.07	94.95	-77.19
"1607"	"TRADE"	1870	8.54	90.92	99.46	-82.38
"1608"	"TRADE"	1880	10.92	103	113.92	-92.08
"1609"	"TRADE"	1890	11.28	107.63	118.91	-96.35
"1610"	"TRADE"	1900	11.36	119.51	130.87	-108.15
"1611"	"TRADE"	1910	10.46	127.3	137.76	-116.84
"1612"	"TRADE"	1920	15.57	145.21	160.78	-129.64
"1613"	"TRADE"	1930	18.02	185.43	203.45	-167.41
"1614"	"TRADE"	1940	16.28	159.95	176.23	-143.67
"1615"	"TRADE"	1950	18.24	130.75	148.99	-112.51
"1616"	"TRADE"	1960	19.35	137.45	156.8	-118.1
"1617"	"TRADE"	1970	21.25	114.56	135.81	-93.31
"1618"	"TRADE"	1980	36.5	160.01	196.51	-123.51
"1619"	"TRADE"	1990	36.55	107.29	143.84	-70.74
"1620"	"TRADE"	2000	32.7	96	128.7	-63.3
"1621"	"TROUBLE"	1860	44.61	118.66	163.27	-74.05
"1622"	"TROUBLE"	1870	46.64	152.55	199.19	-105.91
"1623"	"TROUBLE"	1880	46.42	153.26	199.68	-106.84
"1624"	"TROUBLE"	1890	41.35	158.99	200.34	-117.64
"1625"	"TROUBLE"	1900	35	163.3	198.3	-128.3
"1626"	"TROUBLE"	1910	31.38	180.44	211.82	-149.06
"1627"	"TROUBLE"	1920	28.25	173.49	201.74	-145.24
"1628"	"TROUBLE"	1930	24.74	163.93	188.67	-139.19
"1629"	"TROUBLE"	1940	22.82	178.88	201.7	-156.06
"1630"	"TROUBLE"	1950	23.08	193.05	216.13	-169.97
"1631"	"TROUBLE"	1960	21.94	197.93	219.87	-175.99
"1632"	"TROUBLE"	1970	19.02	170.6	189.62	-151.58
"1633"	"TROUBLE"	1980	18.9	143.77	162.67	-124.87
"1634"	"TROUBLE"	1990	12.3	120.13	132.43	-107.83
"1635"	"TROUBLE"	2000	12.31	113.1	125.41	-100.79
"1636"	"TRUST"	1860	93.49	40	133.49	53.49
"1637"	"TRUST"	1870	96.61	34.01	130.62	62.6
"1638"	"TRUST"	1880	92.7	48.53	141.23	44.17
"1639"	"TRUST"	1890	74.49	44.8	119.29	29.69
"1640"	"TRUST"	1900	74.22	64.5	138.72	9.72
"1641"	"TRUST"	1910	62.77	52	114.77	10.77
"1642"	"TRUST"	1920	57.97	46.62	104.59	11.35
"1643"	"TRUST"	1930	48.42	41.86	90.28	6.56
"1644"	"TRUST"	1940	46.18	21.99	68.17	24.19
"1645"	"TRUST"	1950	46.15	25.33	71.48	20.82
"1646"	"TRUST"	1960	49.06	22.65	71.71	26.41
"1647"	"TRUST"	1970	54.31	31.68	85.99	22.63
"1648"	"TRUST"	1980	57.95	34.59	92.54	23.36
"1649"	"TRUST"	1990	55.21	31.39	86.6	23.82
"1650"	"TRUST"	2000	58.99	33.31	92.3	25.68
"1651"	"TURN"	1860	512.23	80.35	592.58	431.88
"1652"	"TURN"	1870	588.66	92.91	681.57	495.75
"1653"	"TURN"	1880	562.69	85.18	647.87	477.51
"1654"	"TURN"	1890	594.14	93.61	687.75	500.53
"1655"	"TURN"	1900	664.03	91.92	755.95	572.11
"1656"	"TURN"	1910	721.25	102.1	823.35	619.15
"1657"	"TURN"	1920	693.07	99.05	792.12	594.02
"1658"	"TURN"	1930	747.54	92.12	839.66	655.42
"1659"	"TURN"	1940	799.27	93.52	892.79	705.75
"1660"	"TURN"	1950	766.66	97.1	863.76	669.56
"1661"	"TURN"	1960	752.88	95.37	848.25	657.51
"1662"	"TURN"	1970	757.87	99.25	857.12	658.62
"1663"	"TURN"	1980	735.18	98.46	833.64	636.72
"1664"	"TURN"	1990	791.72	98.83	890.55	692.89
"1665"	"TURN"	2000	809.99	95.15	905.14	714.84
"1666"	"USE"	1860	357.02	209.75	566.77	147.27
"1667"	"USE"	1870	353.3	189.25	542.55	164.05
"1668"	"USE"	1880	403.87	209.46	613.33	194.41
"1669"	"USE"	1890	390.78	192.27	583.05	198.51
"1670"	"USE"	1900	427	217.42	644.42	209.58
"1671"	"USE"	1910	484.52	224.41	708.93	260.11
"1672"	"USE"	1920	480.29	201.31	681.6	278.98
"1673"	"USE"	1930	555.56	194.2	749.76	361.36
"1674"	"USE"	1940	624.7	230.4	855.1	394.3
"1675"	"USE"	1950	636.44	192.51	828.95	443.93
"1676"	"USE"	1960	693.92	194	887.92	499.92
"1677"	"USE"	1970	714.41	189.99	904.4	524.42
"1678"	"USE"	1980	723.94	168.71	892.65	555.23
"1679"	"USE"	1990	838.85	162.75	1001.6	676.1
"1680"	"USE"	2000	818.5	148.68	967.18	669.82
"1681"	"VIEW"	1860	28.15	238.01	266.16	-209.86
"1682"	"VIEW"	1870	31.65	221.33	252.98	-189.68
"1683"	"VIEW"	1880	27.16	205.24	232.4	-178.08
"1684"	"VIEW"	1890	22.94	212.1	235.04	-189.16
"1685"	"VIEW"	1900	27.9	198.61	226.51	-170.71
"1686"	"VIEW"	1910	27.98	193.99	221.97	-166.01
"1687"	"VIEW"	1920	32.5	199.59	232.09	-167.09
"1688"	"VIEW"	1930	25.85	166.67	192.52	-140.82
"1689"	"VIEW"	1940	24.64	141.85	166.49	-117.21
"1690"	"VIEW"	1950	26.15	168.91	195.06	-142.76
"1691"	"VIEW"	1960	31.26	200.6	231.86	-169.34
"1692"	"VIEW"	1970	37.82	192.43	230.25	-154.61
"1693"	"VIEW"	1980	43.09	192.5	235.59	-149.41
"1694"	"VIEW"	1990	51.91	170.6	222.51	-118.69
"1695"	"VIEW"	2000	45.22	162.42	207.64	-117.2
"1696"	"VISIT"	1860	86.48	90.16	176.64	-3.68
"1697"	"VISIT"	1870	77.65	87.32	164.97	-9.67
"1698"	"VISIT"	1880	80.54	89.4	169.94	-8.86
"1699"	"VISIT"	1890	80.58	82.38	162.96	-1.8
"1700"	"VISIT"	1900	62.69	70.58	133.27	-7.89
"1701"	"VISIT"	1910	62.99	67.8	130.79	-4.81
"1702"	"VISIT"	1920	66.44	67.77	134.21	-1.33
"1703"	"VISIT"	1930	58.17	61.97	120.14	-3.8
"1704"	"VISIT"	1940	58.03	56.87	114.9	1.16
"1705"	"VISIT"	1950	65.62	67.46	133.08	-1.84
"1706"	"VISIT"	1960	72.84	70.55	143.39	2.29
"1707"	"VISIT"	1970	85.15	80.31	165.46	4.84
"1708"	"VISIT"	1980	82.17	64.5	146.67	17.67
"1709"	"VISIT"	1990	89.21	59.62	148.83	29.59
"1710"	"VISIT"	2000	102.31	61.67	163.98	40.64
"1711"	"VOICE"	1860	5.66	365.72	371.38	-360.06
"1712"	"VOICE"	1870	3.22	339.92	343.14	-336.7
"1713"	"VOICE"	1880	5.03	325.3	330.33	-320.27
"1714"	"VOICE"	1890	7.22	369.91	377.13	-362.69
"1715"	"VOICE"	1900	10.34	373.45	383.79	-363.11
"1716"	"VOICE"	1910	13.55	399.77	413.32	-386.22
"1717"	"VOICE"	1920	16.97	399.3	416.27	-382.33
"1718"	"VOICE"	1930	16.88	457.62	474.5	-440.74
"1719"	"VOICE"	1940	17.23	449.46	466.69	-432.23
"1720"	"VOICE"	1950	19.22	436.79	456.01	-417.57
"1721"	"VOICE"	1960	16.13	427.83	443.96	-411.7
"1722"	"VOICE"	1970	18.13	382.26	400.39	-364.13
"1723"	"VOICE"	1980	15.21	378.37	393.58	-363.16
"1724"	"VOICE"	1990	14.31	376.79	391.1	-362.48
"1725"	"VOICE"	2000	11.91	378.74	390.65	-366.83
"1726"	"VOTE"	1860	43.8	61.9	105.7	-18.1
"1727"	"VOTE"	1870	43.85	89.04	132.89	-45.19
"1728"	"VOTE"	1880	61.04	102.14	163.18	-41.1
"1729"	"VOTE"	1890	67.65	105.98	173.63	-38.33
"1730"	"VOTE"	1900	52.04	80.74	132.78	-28.7
"1731"	"VOTE"	1910	45.42	72.35	117.77	-26.93
"1732"	"VOTE"	1920	67.45	101.2	168.65	-33.75
"1733"	"VOTE"	1930	74.8	99.74	174.54	-24.94
"1734"	"VOTE"	1940	85.65	120.23	205.88	-34.58
"1735"	"VOTE"	1950	92.63	134.19	226.82	-41.56
"1736"	"VOTE"	1960	86.84	157.26	244.1	-70.42
"1737"	"VOTE"	1970	81.66	120.03	201.69	-38.37
"1738"	"VOTE"	1980	56.67	88.21	144.88	-31.54
"1739"	"VOTE"	1990	43.23	48.32	91.55	-5.09
"1740"	"VOTE"	2000	41.69	53.39	95.08	-11.7
"1741"	"WALK"	1860	221.9	65.11	287.01	156.79
"1742"	"WALK"	1870	269.15	74.74	343.89	194.41
"1743"	"WALK"	1880	238.2	72.01	310.21	166.19
"1744"	"WALK"	1890	234.19	65.38	299.57	168.81
"1745"	"WALK"	1900	229.27	62.42	291.69	166.85
"1746"	"WALK"	1910	246.57	63.03	309.6	183.54
"1747"	"WALK"	1920	256.86	57.19	314.05	199.67
"1748"	"WALK"	1930	347.23	59.48	406.71	287.75
"1749"	"WALK"	1940	358.01	58.07	416.08	299.94
"1750"	"WALK"	1950	366.01	55.09	421.1	310.92
"1751"	"WALK"	1960	370.15	66.91	437.06	303.24
"1752"	"WALK"	1970	378.18	61.26	439.44	316.92
"1753"	"WALK"	1980	371.42	64.7	436.12	306.72
"1754"	"WALK"	1990	452.98	80.78	533.76	372.2
"1755"	"WALK"	2000	415.17	78.94	494.11	336.23
"1756"	"WATCH"	1860	186.39	66.39	252.78	120
"1757"	"WATCH"	1870	189.25	53.52	242.77	135.73
"1758"	"WATCH"	1880	177.74	51.12	228.86	126.62
"1759"	"WATCH"	1890	200.44	57.88	258.32	142.56
"1760"	"WATCH"	1900	224.43	47.96	272.39	176.47
"1761"	"WATCH"	1910	256.36	50.05	306.41	206.31
"1762"	"WATCH"	1920	243.6	44.67	288.27	198.93
"1763"	"WATCH"	1930	286.65	45.55	332.2	241.1
"1764"	"WATCH"	1940	312.99	57.45	370.44	255.54
"1765"	"WATCH"	1950	319.7	50.86	370.56	268.84
"1766"	"WATCH"	1960	325.35	55.54	380.89	269.81
"1767"	"WATCH"	1970	343.09	54.36	397.45	288.73
"1768"	"WATCH"	1980	366.38	51.71	418.09	314.67
"1769"	"WATCH"	1990	439.21	50.79	490	388.42
"1770"	"WATCH"	2000	429.42	56.24	485.66	373.18
"1771"	"WORK"	1860	254.31	594.45	848.76	-340.14
"1772"	"WORK"	1870	328.69	618.91	947.6	-290.22
"1773"	"WORK"	1880	273.18	670.06	943.24	-396.88
"1774"	"WORK"	1890	292.07	684.97	977.04	-392.9
"1775"	"WORK"	1900	338.85	715.27	1054.12	-376.42
"1776"	"WORK"	1910	389.18	685.62	1074.8	-296.44
"1777"	"WORK"	1920	373.9	558.43	932.33	-184.53
"1778"	"WORK"	1930	463.03	549.05	1012.08	-86.02
"1779"	"WORK"	1940	501.36	502.81	1004.17	-1.45
"1780"	"WORK"	1950	534.26	487.66	1021.92	46.6
"1781"	"WORK"	1960	532.68	447.59	980.27	85.09
"1782"	"WORK"	1970	573.13	459.71	1032.84	113.42
"1783"	"WORK"	1980	591.37	481.2	1072.57	110.17
"1784"	"WORK"	1990	673.31	527.53	1200.84	145.78
"1785"	"WORK"	2000	695.64	463.31	1158.95	232.33
